3191
3202
25108
3222
92362
3233
212029
3282
3234
3345
3347
3198
3350
3362
3383
3387
3386
3404
103141
3393
3421
289761
3515
3507
3544
3550
3577
3603
3616
3632
3658
3656
3682
3723
3769
3753
3790
3779
3793
3810
5743
3832
38496
3811
3863
3877
3907
3934
3930
3975
3998
279724
312
295356
4082
299787
4107
4127
4116
4108
4223
4213
4225
7
113
55
141
144
68
29933
298
253
103138
39192
280265
303
873
329
194683
279
311
546
547
659
39142
263
669
1010
704
702
1075
184557
6231
3397
6067
6039
2900
2623
1168
37138
6328
6333
1149
6367
6384
6464
6507
6561
42091
6598
6627
35863
57545
280021
6696
6698
299232
3903
291008
17203
6780
6798
44400
6811
6825
6832
6835
299006
6896
6906
6910
6914
6918
6948
6984
20306
7009
7060
289
2163
5713
854
859
1684
1213
944
1855
1450
1699
1724
1628
22773
1782
2014
1184
884
486
1694
1127
1157
1136
965
931
924
389
277
191
1871
385
21563
325
676
1716
1038
241
2103
280
2115
292774
549
1957
1274
837
665
2160
298643
4278
1171
28669
2332
2306
2300
870
2223
2362
4272
179
2367
2366
2368
4328
43974
2382
2393
2394
2395
2397
3555
2403
2401
2404
2405
2410
292775
2414
222149
28671
2480
2453
46728
2473
2514
4348
2528
99938
4371
4447
2553
2545
2507
2572
2586
4381
2600
39164
39695
85013
2628
2592
2646
2662
2677
2688
2689
45436
2700
299784
103269
45347
2782
2786
2784
2794
2842
2865
2873
2877
2897
2732
2904
2919
2247
4431
2939
2970
39690
2987
2996
3008
4484
3011
3018
3028
3037
54289
186487
4500
2951
43248
2861
3098
2337
3080
2902
2808
2792
2499
5762
4587
3579
58526
4615
4613
293907
44418
4675
4679
2352
4707
5791
4753
291916
4760
5805
4797
5813
4816
4829
5834
5857
4898
39290
4896
4547
4913
2675
2765
3310
2673
4958
4960
5912
290610
2716
4956
5020
5036
5081
43960
5105
5119
3522
6228
5132
116754
5980
5144
5149
3165
5179
5182
20298
5999
5237
298644
5299
5316
5922
6041
48980
6245
5390
5393
280034
280864
44455
3238
5368
2941
3605
3637
3457
6
6109
6115
6266
5582
6143
298276
5610
5653
6154
3060
3061
3081
3085
2940
43269
103332
3137
3162
44454
7267
101
8664
42110
3495
10009
2799
7244
7175
7258
7262
7316
175962
886
7379
7417
7472
287683
28696
7777
7910
7933
7936
37205
8123
288175
8236
43236
24519
8285
8291
8324
8405
85522
8460
8489
43255
8556
8593
8614
8666
8692
31122
34444
8724
649
8791
8799
8805
12913
8869
8882
8924
8931
298646
8981
8984
9114
9356
9388
13003
9473
44457
9542
9566
9616
12965
9791
9814
9852
7621
5662
13085
13090
49490
10074
298645
10143
14721
10226
11396
14325
10404
10539
10548
10663
13253
13697
10894
10962
29937
11097
4098
11196
13378
11388
16921
13753
11589
8922
13885
13916
11797
11900
239128
29742
12004
12267
12323
12338
12452
14529
31316
6973
7449
14540
7768
17256
12695
12703
298630
14551
12776
14621
14681
290604
41154
14527
7447
5793
14413
13933
9987
9849
9285
8130
6836
4828
134
17276
16532
40317
17301
3285
16599
230154
14982
17312
16646
42173
100721
288184
15133
33557
16709
16708
15162
16743
15203
16773
17321
34462
17404
11549
15325
15360
16819
33518
122404
15415
15455
16791
3416
25261
15499
15507
14561
15542
17155
16883
15570
43067
17241
100962
39689
16918
15676
15682
39707
15769
15793
107173
210792
3438
127744
15946
16008
16011
16033
16037
101576
16054
17584
16073
17164
42186
44486
152
16168
37239
27388
39199
39212
39743
17516
16260
17191
44491
16298
16306
16315
21944
21945
19622
19747
15887
19709
8307
15716
10208
16775
16132
17673
29395
17725
16365
44508
44509
30402
18738
23042
41182
19772
6939
37649
17841
20144
17853
21952
20157
19813
21959
22037
21733
17974
17978
22324
18008
41349
63113
41183
284995
103409
18062
18078
18094
18089
18141
19827
18139
18143
19835
18156
18189
103415
20197
18198
18205
18201
18209
18228
2378
18299
32306
18319
18336
18350
18365
18107
18357
18372
18394
18432
21882
18468
18483
18510
18524
18538
18563
18570
18573
18601
3559
18616
18599
27218
19927
21885
18648
18664
18675
103293
37722
128168
18729
20073
18787
18789
18797
22858
20032
18850
18855
18845
18875
20794
18892
18899
20015
18967
18989
19005
19017
19018
22842
19038
37249
20254
17937
19078
20024
19110
20250
19118
22862
21923
17870
58982
18627
25502
20286
20079
189900
41150
21933
42205
20363
20390
39742
31141
20713
22869
21049
21056
21068
22875
22877
22074
22889
27370
21322
40388
44516
22204
39264
22259
31144
43368
45339
23024
22924
22332
152010
88691
23261
48445
2420
19791
15972
22938
23057
287692
290611
22200
22315
22960
22427
22423
42099
23077
22439
28761
22499
5488
31079
31145
22598
23943
22453
29361
13433
22916
28769
23037
22637
22668
286823
22687
18098
23098
23119
29531
23132
23442
40354
22692
39161
23166
23169
22958
27261
23326
27262
39239
23334
23342
30434
23376
27269
39186
39155
17424
27277
27278
2934
23454
22667
280046
32323
23484
43348
291537
23564
23577
27289
2551
10483
23587
40545
30438
23624
23640
43355
291017
27389
291930
23711
23717
37266
23734
39248
23770
39259
103451
43361
23814
97685
22864
97234
29545
296664
296712
80216
23878
23864
23869
290105
33652
35184
27409
23920
28720
24003
27468
27452
22640
24036
24057
24050
29562
24088
3443
24124
24146
24186
24211
36937
43399
3135
24263
61356
34629
25452
298659
2538
26913
61910
33410
15858
24300
24319
29590
28962
280208
24384
34503
28082
28874
28266
91645
59432
28880
31159
24432
24435
24452
24474
42247
24442
296760
28248
24516
24512
24520
44551
25587
24563
27535
24565
31161
24620
103681
24621
24624
24623
24613
24641
43381
24649
24622
288209
24672
42149
28267
43410
24701
27566
24762
31164
40405
33727
27571
24849
24864
24863
24862
222837
286615
24877
24936
915
68915
24961
28884
28159
25007
25018
113214
29030
29625
58651
24926
23811
25065
25073
27592
296762
28174
25175
177636
25184
214691
103660
25277
24766
25178
24736
25152
25132
8346
24665
24612
24587
29995
25311
31168
29638
295446
43417
25335
25350
29639
33737
28278
25407
25415
25413
28200
25503
25531
25526
25529
56740
25550
18733
25595
43971
27635
28968
25623
3576
25653
25661
35285
2424
39301
40398
35238
25702
28388
298295
30013
288978
33828
25800
130693
25819
25835
25837
25843
25859
35287
25901
25919
29020
67022
29028
28453
25955
25963
34579
26012
31175
288213
43459
29040
25467
26058
3509
28228
2455
25240
24927
23591
40438
26072
28236
28353
27765
29719
29058
26126
26139
28516
44555
26158
298667
26173
43437
283298
29405
296060
18179
26234
26242
44559
26245
30509
30208
7107
62215
26376
17091
40444
42230
26400
26415
26425
26449
26497
26518
26552
26571
26568
37303
26575
3344
26641
26674
26685
26694
83694
26607
26738
291940
212102
26800
31201
31202
34591
33817
30571
298663
26885
26919
37325
39330
39314
39321
26940
30114
26950
26886
33820
26997
35294
29864
27014
27013
27029
27031
39338
29878
27052
298664
8297
5855
18193
27086
27100
27107
297525
37282
288988
29901
44599
30280
21539
30232
30236
30249
23616
42132
42096
27176
37618
8861
30617
40525
37348
21920
30333
31390
88983
31220
23146
23813
31396
30632
31397
31238
31150
30641
31248
111380
22651
32720
32749
32722
31530
31406
31532
31411
31273
31275
32447
31280
32448
34159
31293
31297
10231
31307
25660
30710
30712
31310
30724
31287
30736
30766
8840
41376
30788
31069
31330
30808
31491
31497
30134
32457
77104
32465
952
64623
31357
18360
31507
30919
32477
43500
32727
32478
31000
31562
29219
33547
15852
31218
43502
34677
34306
32725
37040
33873
31654
87055
6740
26785
18217
40420
5580
40465
35
39692
31771
24453
31781
31790
31794
31801
76524
32728
23906
39423
277449
107549
240836
297514
31808
207452
32724
31850
43462
32554
34311
32737
31917
34310
31952
20203
32254
32592
31983
31986
40487
34101
40490
31998
32018
32760
39814
43467
31399
32704
32108
33950
40497
32626
32709
34215
103856
32199
32753
32716
32207
32480
41353
32239
280589
44636
34387
32279
298685
37385
44623
32777
34013
32788
32794
37387
34017
32801
206124
32813
68992
103772
33408
32853
25610
41350
296753
34029
35454
34255
32906
42343
34095
32961
292845
288586
43533
32999
11200
294440
34121
33013
103788
34378
40521
34110
39417
15900
33043
38639
34291
39701
32965
33068
33071
37576
32019
8466
104050
8546
44228
33087
26269
39547
44672
35330
280894
42151
39558
37910
42179
33229
61138
39435
39434
32604
33262
33276
289363
34913
35504
35814
35817
33225
280114
93790
39841
43563
33369
34776
77711
34844
35643
33401
33404
1
298308
34789
33383
293529
33447
33473
297488
42548
73042
216697
10998
35567
294737
37652
42418
39520
35624
35581
36024
38503
35690
31211
37656
37658
37657
37646
41334
99
24868
37735
289425
295450
295432
35945
36037
31933
32585
36071
29494
35191
38558
36073
36088
36091
23355
4585
37667
38527
36117
36133
36129
36121
40536
36155
36187
37737
296781
44657
37671
37471
36228
36211
36219
29346
37678
37677
283293
37679
37681
39570
289364
37724
37692
37494
36264
22402
37736
37500
37700
37508
35551
36305
36342
36361
37684
296763
36395
62122
36413
112804
39838
39792
39886
36425
37705
18604
36417
37738
36545
39480
37552
39491
39492
39493
13923
36514
39494
16356
36566
5972
80312
37709
37579
37584
37577
19044
36614
39507
289786
37582
37591
39914
37606
37609
37619
37622
37710
37632
37629
37711
37644
37733
36685
37640
39873
37740
34995
34796
37813
37844
290607
40555
178317
40190
40289
40219
19745
289007
36850
36854
37762
37841
65981
38570
37772
37774
37817
37816
30371
39605
36932
91559
36957
36964
36967
39910
37823
37822
36994
36998
37782
37001
37009
37018
37794
37829
51274
104125
16978
296827
37804
37806
37098
37101
37109
37859
33314
37861
37860
37863
37864
285054
37867
37868
37654
37871
37874
32541
51492
37881
37884
37888
280136
32140
37896
37899
37900
44665
44561
37907
44447
37906
18753
43601
40914
23476
37914
18806
38600
37928
39921
37917
41440
37934
37933
37936
37950
37953
38610
37959
37961
39925
40546
37971
38612
37981
37988
39927
39928
77889
38626
38625
38631
39930
38025
38634
38636
38027
40572
38041
38052
290121
38062
39938
38855
39940
40247
22390
40576
39946
38623
43599
40667
38068
38654
40259
280140
43660
29756
39954
38078
38080
7142
40628
56489
156140
92283
39960
40260
38011
38780
40261
37573
39939
38670
38673
39971
38682
38683
39979
38693
39978
38701
44512
44445
40263
41312
112463
37287
39992
38714
37675
40270
40584
40000
39999
40271
40013
40593
38719
40273
40587
37701
291955
40307
40025
40592
40041
37977
40706
43604
40051
40057
40060
41455
32048
39094
44534
70103
40065
41361
37828
40676
288591
40069
104156
38658
30170
42122
38775
38788
44738
40605
40082
24494
38806
38819
38393
38824
40679
38814
39651
39652
40089
40610
288592
23241
38849
38850
40097
38854
40617
37607
36339
40619
38882
44615
44529
34770
44433
44705
40104
7195
44488
39665
43608
38893
38898
38883
14651
39674
38908
38906
38271
39679
40625
37939
38926
38933
38924
42540
38972
9564
38608
38992
39006
39005
40117
40118
39107
39072
39023
39031
39075
39080
39078
39024
43609
5734
37983
38282
40134
7168
40138
133715
40691
299431
43673
40689
40143
40144
40153
7177
40712
2214
40643
40156
40157
40158
40159
40161
43674
38346
40174
40154
40651
41591
41592
40695
41479
40696
35727
38355
38368
41485
41131
38414
40701
38427
38447
40193
38473
38479
290470
29038
39129
38417
289945
42505
43634
42509
40611
40588
41558
41503
41559
41645
41608
41615
62162
26041
41621
41624
41537
36970
41571
41522
41628
41663
41557
41585
121051
28642
44761
42473
24428
44764
23280
104353
41681
41680
41684
43740
24728
41702
41701
41711
41716
44278
43721
42280
291018
42218
42203
43761
61532
44777
64549
66052
42950
44199
44130
42592
42595
18196
28886
42448
42105
44785
41727
290636
13740
40757
40763
65753
44288
44212
44202
44195
95823
40780
44290
104235
40802
40805
77973
295430
43789
40844
280897
26528
40031
40855
45078
23414
41733
40871
40870
40875
44547
44460
27263
40889
40891
40892
42655
42656
25
42663
40905
4224
42667
38689
41151
41230
40847
40895
40899
41125
40884
40853
40932
40771
40938
41251
37598
44301
283358
42682
42687
42692
42695
62434
460
40970
58469
38484
288596
61810
42706
40985
42707
41282
41283
30444
41284
42709
43808
42726
40397
285059
41027
29594
42738
42746
298016
30392
42751
43815
59671
42760
28456
40836
42644
44309
42762
42766
42774
40020
42765
39976
32797
22849
17347
184602
42794
43836
42795
6589
73332
44816
44314
44818
44316
291084
43848
44319
18755
43854
104349
288579
44323
41797
41796
44839
42801
42805
41819
41821
42806
41825
284402
104435
43874
41849
41858
42823
41877
42837
44849
42844
42855
279789
41936
41941
43886
43879
74685
8810
43228
41962
44856
31529
43893
41978
44862
44880
42902
284210
297565
42920
42923
43910
45084
42926
283359
42939
44348
43916
42961
38307
291961
2627
42989
42992
42995
42996
291085
43004
44898
43956
43957
43030
43027
43036
43029
44424
43045
43034
43040
43050
43061
43055
43057
43060
43058
43972
43068
43073
43074
43076
43079
43083
43094
43093
43097
43105
41029
43117
44904
43121
44907
41068
3809
43037
41071
41072
41075
43136
43139
41093
43141
89033
23538
43144
41112
41122
41124
43150
43156
44380
41997
224290
44005
43162
44026
44032
78820
43184
24429
44394
43192
44914
41998
39968
44053
104479
36292
289014
15925
39395
44091
44940
44093
44099
43540
62256
44135
44152
61559
44965
44168
279714
44175
44188
31232
44974
43983
44998
44197
44991
2408
44213
44214
44216
41570
45026
44999
45042
90257
45058
44255
48962
45204
216949
48376
61981
227127
45400
289146
289731
93267
104889
54304
288608
18465
45359
45558
45519
85527
45604
22868
45639
1927
42015
42013
42033
42021
42023
45670
42022
34921
42058
298310
45776
42070
42065
66741
170531
45587
45735
78069
288245
280162
46269
104980
279912
289798
45027
46184
104925
46102
221662
80546
46521
46604
46148
273386
81626
31804
105209
90613
31337
46825
104172
22871
23913
44928
9658
46648
44825
83610
104573
104611
85729
45648
50474
82130
104588
60395
101121
46247
288604
104257
46783
184390
104636
45751
52830
46372
46983
293944
37962
47473
47295
104698
46058
37639
104700
62911
46156
46895
85550
105081
46906
63250
47998
104721
53778
47749
46624
46079
61898
46486
6436
47653
288261
105220
47999
290134
47006
297578
45417
45576
23802
48280
47793
20451
48165
60810
53869
70166
63308
64342
61849
22968
104958
47723
49979
48488
24540
46567
74426
101868
92063
166629
84859
102726
50175
58896
50092
48306
184351
80167
61623
2447
57265
63934
49385
105501
29718
239496
64796
94060
49976
49975
63920
49902
292913
3207
64105
66235
289809
50008
48890
45016
188698
105536
285874
149498
63494
50796
64389
48206
49203
41308
3279
47154
32849
50936
50992
289802
50812
45291
50801
51138
105255
47863
50808
900
50690
47936
51253
279798
58985
42522
51223
51378
280137
37596
105271
105325
96841
51949
46645
100967
4349
6299
46070
65267
64568
51741
105370
65246
51752
64956
48578
65552
59489
287722
46792
55238
51764
51788
41320
51939
63055
51514
65257
65137
46812
73187
62801
288611
51935
291543
50094
65559
299822
52202
46483
291092
51294
228039
105393
291099
52320
65311
61748
48292
23288
52405
52820
105369
52317
40580
48912
85306
105465
52490
38897
76177
7450
73653
45076
45328
37122
52483
51982
59951
16017
45184
52663
173499
52987
152535
55056
52849
53167
53176
54699
30690
66158
53195
105482
47708
52345
74495
112762
66319
53037
51009
282933
62636
267105
65897
267104
286607
267101
267098
267100
266841
266904
53589
66747
296200
289837
105939
299823
86198
267087
267080
267078
267071
267069
288977
286552
140551
286579
285535
279936
284173
267061
267056
284076
284011
279756
276187
280091
280020
69649
279182
279173
278131
106062
278718
278709
278651
278620
267042
267043
267029
278343
278318
278008
278300
278299
253577
278203
105873
278204
278195
278143
278037
278026
278012
278005
277994
277993
277857
277985
277927
125466
277625
64383
277590
277574
277487
277355
277431
243135
277239
277235
277230
277216
277201
277076
277193
277114
277088
277040
276720
276554
276539
276384
275907
276241
276238
276235
276156
276144
276119
276116
276075
276063
276036
276022
276007
276000
275880
275992
275981
275957
275853
275930
275928
275922
275753
275893
275884
275882
275862
275860
275850
275743
275811
275717
275794
275755
275749
275742
275577
275706
275703
275700
275692
275675
275673
275671
275668
275664
275662
275657
262024
275640
275637
275505
275628
275633
275452
275620
275602
275594
275593
275592
275582
269543
275570
275568
275564
275561
275560
275540
275517
275523
274163
275522
275518
275515
275513
275491
275480
275471
275462
275430
275422
275417
275403
275387
275375
275086
275368
275312
275324
275316
275289
275284
275269
274783
275228
275194
275206
52985
275185
275174
275149
123670
275143
275133
269527
274800
275082
272258
53820
275035
275025
274556
275003
274325
274723
274996
86996
274957
274954
274951
274950
274946
274944
274930
274926
90106
274891
274882
274875
274811
274871
274869
274772
274789
274771
274756
274676
274690
274745
274711
274691
274688
274683
274672
274671
274668
274648
274638
274630
274611
274592
274171
274552
137773
274488
274479
274471
274467
274133
274435
274429
274362
274036
274327
274319
274068
273904
274264
274265
274255
274253
274247
274238
274228
274218
273960
273959
273896
274179
274174
274169
274162
274157
274156
274132
274129
274127
274115
274047
62813
273965
274027
274016
274011
273989
273799
273981
273961
273948
273942
264605
269367
273934
273884
273819
273871
273864
273840
273430
273749
273742
18328
273741
273704
273695
273680
273092
273664
273651
273532
273640
273379
273618
273616
273578
273576
273570
273567
273566
108144
273558
273538
273535
273533
273530
273495
273492
273476
273464
273413
273402
273400
273395
273394
273392
273384
273377
273370
273369
273366
273312
273296
273290
273219
273217
273071
273068
273201
260662
273024
105851
272967
272934
272930
272924
272894
272708
272860
272857
67378
272850
272701
269743
272836
46616
272832
272815
272808
272788
272779
272727
272554
272704
68733
272686
66594
272648
272644
267252
272618
272614
272613
68482
272612
272603
272588
271526
272560
272552
272551
272539
272538
272529
272528
272522
272521
272506
272500
272495
272395
271148
272491
272488
272477
272473
106087
272459
272409
272238
272394
272392
272288
272380
272375
272347
272146
272323
272322
272315
272312
272302
71097
272298
270557
272283
272276
271611
271399
270884
270907
271546
272249
272206
272232
272231
272166
272221
272220
272207
271696
271453
272202
272049
272200
272188
270979
272172
272177
271597
68840
63087
271911
271935
271933
271931
271919
271894
268785
271893
270046
271883
271880
271870
271869
270109
271850
269167
271826
271825
271818
271809
269936
271788
269233
271784
271780
269673
271777
271778
267031
269682
271759
271758
271752
271751
271742
269310
271731
271722
271720
271697
271691
271689
271686
269486
271665
271662
270222
269159
271637
271609
271599
271593
271584
267700
271574
271573
271553
271548
269099
54045
271541
271537
271523
271790
271518
269012
271494
271493
97530
289083
289381
271492
271485
271429
26726
271471
271479
271475
271472
268913
271468
10218
271454
271450
271444
271435
271419
271417
271411
271410
271405
270888
271402
268773
271372
271387
268678
268647
271339
271348
268524
271344
271310
271307
271292
271293
271283
271282
271245
50593
271220
271124
271118
99652
271081
271080
271071
271059
271057
270874
270871
270869
267030
270864
270846
270848
270841
169778
270805
270740
270721
270707
270700
270695
270692
270682
105941
270677
270676
270669
52064
270657
266273
267075
267026
270565
270502
270483
270476
270394
269817
54136
48802
269793
269786
269782
269781
269777
269771
269770
269717
269725
269721
269720
269719
269715
269709
269705
269676
269669
269667
269665
269660
269659
269658
269656
266228
269653
269651
269644
269642
269641
269638
269634
269630
265584
269621
269618
269614
269609
269608
269602
269592
269593
269586
269584
269583
269575
269574
269399
269570
269561
269544
269449
269446
269445
67929
67847
269444
269442
54101
269440
269438
269428
269391
269365
269355
48713
269291
269319
268864
269287
265449
269261
269258
269255
269249
269244
269238
269235
269230
269226
269220
269218
269214
269212
269211
269206
269204
269186
269178
269170
269162
269158
269150
269149
269139
269134
269107
269100
269092
269096
269094
269091
269087
269072
269061
269060
269059
269054
269047
269042
269041
269039
269038
269037
269032
269031
269027
269017
269010
269002
268996
298755
268990
268808
268983
268982
265145
268973
16337
268962
268961
268958
268963
268952
268953
268946
268947
268944
54283
268943
268937
268936
268135
268935
268933
268929
268930
268928
268924
268910
268904
68132
268906
268903
268897
268895
105934
268889
268888
268885
268878
268876
265328
268870
268868
268866
268860
268848
268845
268842
298708
267019
105940
288216
268112
268837
297536
268834
268833
268831
268830
268824
268729
268818
268819
268809
268804
268797
268783
268792
268791
268790
268789
268787
268784
268780
268778
268777
268775
268769
268759
268761
268758
268756
268751
268744
268746
268747
268740
268738
268735
268730
268728
268726
268721
268712
268714
268708
268706
268705
268704
268700
268699
67293
267015
268692
268684
268683
268681
268680
268676
268675
268674
268664
268673
268667
268666
268661
268662
268657
268658
268653
268648
268645
268640
268635
268637
268633
268634
268628
268622
268617
268612
268613
268609
268605
268600
268595
268591
268594
268589
268588
268587
268581
268580
268578
268575
268569
268568
268562
268542
268506
268505
268499
268497
268406
268488
268487
268484
268483
268480
268474
268460
268457
268450
268443
268440
268442
268439
268437
268435
268432
268411
268401
268398
268396
268392
268384
268381
268380
268376
268371
268368
268263
268366
268362
268358
268354
268351
268350
165688
268346
268347
268344
268343
268341
268338
268333
268330
268329
268325
268320
268319
268314
268310
268300
268282
268279
268270
268258
268232
268227
268226
268224
268225
268215
268214
268210
268209
268206
69532
268174
268172
268152
268150
268147
268130
268114
268101
268097
268088
268093
268091
268089
268049
268075
268067
268066
268055
47641
46125
43774
38661
103342
268051
267957
268034
268033
268029
268019
268020
268016
163594
267999
267991
266086
267977
267972
267970
267944
267943
267942
267941
267939
267924
267922
267920
267916
267917
267915
267904
267903
267889
54436
267887
267869
267867
267854
267845
267837
267825
267821
267818
267803
69324
267780
267770
267759
267751
267744
267741
267740
267738
54507
267733
267732
69527
267729
267720
267719
267717
267671
267619
267647
66189
267646
267640
267644
267635
70247
70258
184830
267633
267629
267628
285926
267621
267611
51991
54343
267604
267605
267606
267603
267600
267598
267593
267592
267589
267585
54506
54152
267584
267582
267571
105651
22739
267554
267547
267548
85043
100779
54678
70864
294035
267545
267537
267539
105647
105645
267532
267525
267521
26562
267520
54756
267519
267518
142952
30025
179095
267515
267506
105691
267508
267497
69405
54414
82819
5210
267490
63741
54975
66921
52263
267481
267477
75414
267476
267358
267464
54741
26109
66785
104293
267462
54655
132797
64283
267459
54857
267458
67374
54998
54182
267435
267427
42627
86768
298316
267418
265021
54906
229342
267400
267398
267396
289044
64849
66489
267389
267377
267371
267375
267368
267363
267361
267353
267356
59081
267352
267343
267340
267337
267336
64348
267334
267329
267323
92133
291393
55084
267321
267317
267319
267309
38826
55266
267306
267302
267301
267286
267292
267293
267288
267285
267276
267274
267272
82565
267266
267265
106040
62437
266998
266991
267255
267245
66791
59033
267236
267237
267232
267213
267230
30121
267228
267223
267203
267198
267197
267182
65306
267166
267162
42593
144254
267149
267143
279469
279459
55377
67746
264870
267126
43051
267108
288995
5245
112682
64295
264750
264748
264751
264744
264739
264737
264734
264728
264722
264706
264699
264654
61713
28161
42282
67447
264649
264637
264636
264632
264616
264614
259826
264613
264599
264594
264590
264536
264529
264500
264498
264479
264468
161229
264464
264462
264441
264438
264426
264374
264415
264405
264404
264396
264387
264332
263187
264212
264205
264200
264194
264174
268309
264170
264155
264154
264147
264145
264142
263902
264129
264107
264108
264102
264088
264043
298652
71352
264024
112710
264008
264003
263982
263983
263979
263975
263970
263962
263948
263933
263920
263919
263898
263888
263873
263863
263862
263843
263808
263790
263775
263766
263758
263747
60359
263724
263716
263711
263685
263679
263672
263673
263668
263640
71606
263625
263619
118549
43123
273794
263608
263604
261343
263574
263589
263579
263572
263320
263568
263540
263532
263524
263522
263514
263511
263510
263504
263496
263454
263357
263380
72346
36808
256111
255825
71145
2863
25830
71642
263351
263276
71780
263268
263264
263262
289812
263254
62617
255805
263210
285932
263209
263185
263199
263169
263172
296170
263132
255520
263129
263126
263105
184895
263099
263040
49279
263014
262999
262994
259139
262984
18075
262940
262895
262866
262856
262849
262841
262835
262645
262815
262809
262808
262791
262784
262770
262765
262748
262739
260785
262680
262628
262624
71624
24436
262314
262569
262563
262553
262313
262539
200324
262485
262439
262225
262209
262207
262135
262109
262099
262070
262068
245715
261975
261949
71910
261945
261906
261838
261712
261645
261643
261556
261597
261594
261586
261422
261454
16902
261429
221985
261367
261250
261336
58308
261238
261217
261207
261205
261198
261185
261182
261180
261178
261171
261140
149700
261090
261083
261071
173299
55858
261046
261048
261040
261035
261017
63369
261009
260941
260908
260751
297587
260880
260860
260858
260855
260816
260766
260763
260332
260735
55866
260710
260678
260670
260656
71650
260633
260644
260611
260599
76825
260528
260507
259714
260502
260407
260406
260338
260376
260374
86490
55923
260211
260210
260195
260184
260181
260173
260148
260124
260116
260104
260072
260081
260065
106672
70217
260062
260051
161270
260034
63931
291998
90551
260027
259782
259917
259895
17051
259772
259844
259821
290144
259817
45507
259783
56020
259777
259769
259745
259744
259731
259702
259680
259660
259662
259656
259635
46347
54702
259636
259584
47847
56200
106230
259575
259569
259514
9618
258405
298757
259507
259298
259273
55790
255986
259269
259264
259195
259131
259098
259085
8745
259055
259054
259021
56190
258988
258980
258965
258963
258961
258954
258938
258934
258926
258911
72531
258915
258910
56178
258884
36058
258879
258844
55394
258831
258828
258770
258758
32994
258728
258719
258667
258484
75276
297583
258450
258430
258416
258414
258388
258379
258324
49052
258269
258155
129170
43126
18161
258140
258057
55990
257869
257699
257829
257405
69511
257722
257703
100778
255963
257696
257685
257674
36919
70701
64216
257623
257651
257542
257523
257516
82797
257468
257463
55979
56340
257453
257359
257431
257386
193518
269825
257371
257206
257256
73456
257244
257156
257097
257186
257052
257083
256983
256928
72258
256810
256741
228551
256766
256753
7439
255961
256710
256705
256684
256673
256669
256197
256646
256636
256631
168921
106033
256597
256565
256550
256542
255952
256541
256531
256520
256516
256501
256494
256489
256461
256486
256485
256086
256245
266978
266966
266984
266960
266957
266950
266939
266932
266906
266879
257376
266869
266855
266802
266817
266870
188280
86966
296674
260888
266818
266816
266806
266792
266787
71874
266784
266767
266759
266757
198962
71413
56473
266741
266732
266731
266730
266724
266717
266714
266710
266701
266700
266694
266682
266685
266664
266177
266680
266677
266676
266672
266667
266498
266649
266640
266580
266636
266615
266613
266552
266549
266548
266531
266529
266522
266519
266518
266504
266507
266505
266486
266484
266481
266471
266463
266364
266357
256242
85169
266354
266353
266351
266346
266342
266343
226091
266324
266311
266302
266300
266297
266296
266295
266288
266285
266278
266254
266241
266242
266238
266212
266206
266204
299452
55329
299081
266200
266196
266192
266188
266184
266133
266183
266181
266180
266172
266173
266164
266161
266156
266150
55472
72967
266144
266138
266118
266105
266111
266112
266109
266107
266108
266106
266101
266092
266089
266087
266083
266079
266064
266062
266060
266058
266047
266050
266052
266049
63951
266000
265995
265992
265960
265982
265980
265977
265975
265970
265969
265967
265927
265915
47643
265813
265889
265891
265881
265877
265879
215368
265875
265867
86719
265851
265852
265847
265843
265839
265836
265835
265830
265828
264730
265820
256217
184788
265817
203769
265785
265745
265746
56135
56595
265744
265742
265721
56684
265719
265688
265714
265713
265709
265710
265708
265699
265691
265690
56769
265672
265666
265664
265660
56553
265652
265646
265639
265641
265635
105788
56693
265602
265628
265633
265630
265626
265622
265621
265616
265610
265604
265603
265600
265596
265597
265583
265571
265570
265568
265565
265567
265566
265559
265561
265553
265552
265539
265528
265527
265524
265520
265516
265513
60880
265501
265507
265506
295557
265502
265504
265503
265498
265497
265496
73716
265494
265492
265491
265483
265493
265478
265476
126435
265453
224364
265454
265450
265422
265424
265379
256189
37996
265396
265398
265395
265392
265388
256183
265390
265387
265364
265362
265359
56770
265346
265347
265349
265348
265341
265343
265301
265335
265327
265324
265318
265307
265278
265297
265287
265281
265264
265263
265253
265243
265236
265233
265231
265227
265224
264895
265223
265218
265220
265214
265212
265208
265203
265201
265196
265193
69138
265189
265179
265178
265174
265169
239394
265166
265164
265162
265160
265161
265158
265136
265142
265141
265139
265133
265125
265127
265123
15330
265116
265117
265093
265110
265109
265104
265100
265091
265092
214823
265065
265060
265053
265050
265018
265046
265045
265043
265040
265039
265034
265030
265033
265029
265031
265028
265027
265025
265024
265023
265013
265010
265008
265005
265002
264999
264998
264996
264995
264993
264992
264990
264987
264985
264979
264976
264974
264975
264967
264966
264961
264963
264957
264955
264958
264956
264949
264954
56957
264948
264944
264946
264938
264934
264931
264932
264928
264919
53183
264922
264920
264917
56847
264913
264912
264907
264903
264905
264906
264901
264890
264899
264896
264891
264887
264877
264883
264871
264880
264878
264875
264876
264869
264856
264852
264861
264860
264854
264859
264853
264849
264850
264847
264844
264819
264841
264838
264833
264832
264831
264829
264824
264820
264821
264816
264810
264805
264804
56466
106157
264801
264797
264800
264799
264791
264788
264784
264781
264774
264770
264767
264764
264766
264765
4683
241030
241020
240938
240858
14608
38776
240851
240848
74063
49909
173696
238237
240813
240812
240798
240789
34666
46919
240780
240777
240716
41953
255904
130547
255808
57131
255780
255773
255767
255718
84116
255709
255700
255691
255685
255679
255674
255673
75003
255658
255657
281729
74591
255647
255623
253837
255584
78272
255436
255448
254732
255442
255414
255406
255401
255357
255346
255311
241476
255034
255215
244497
255196
255122
255186
255159
254738
255156
255150
254932
255136
254770
254759
254715
295564
280240
108631
254694
127427
254690
254657
254704
254648
254637
254614
254604
254580
254541
254506
254498
45791
254496
254485
57215
254486
254482
254481
254421
249199
254405
254403
159657
254388
254372
254340
254336
56390
105708
254302
116906
254248
254238
254231
254229
254204
254207
67882
254213
73995
254205
254159
254160
253974
254135
254131
254124
253937
254074
254061
254048
254047
254039
254001
253995
253980
253964
253963
253954
253945
253844
253905
253903
253900
253892
253891
253854
253832
253775
253750
253706
253677
253675
253671
253659
253628
253613
253590
253578
60409
253558
75284
57306
253521
253512
253495
253480
253478
253462
253445
180613
253377
253287
253323
253290
253190
253186
68931
253062
253145
253124
253117
253110
253093
45668
253041
253038
253015
252977
26631
57191
252959
252955
252940
252910
252909
252904
252901
239436
252850
252817
252814
252812
252788
252761
252756
252734
252720
251340
252702
284434
252700
252696
252318
252678
252677
252660
252641
252629
252636
252607
252577
252563
252194
252537
252530
184543
252522
252502
252498
252516
252489
252484
252479
252477
36420
252429
252427
252409
252387
252383
252367
252364
252355
252340
72632
252308
252291
252265
252246
106919
252243
252222
252191
252167
22931
252146
252163
252117
252105
219988
252056
252086
252031
251910
203010
251972
106613
251939
94879
251904
251887
192056
251852
251816
251800
106780
251717
251705
251701
251664
251648
251647
251633
250956
251614
40927
251584
251577
251573
298763
278595
251553
251545
251540
251511
251517
251510
251506
251497
251485
251481
251476
34826
251402
251405
251409
43883
251401
251165
251374
251372
251357
251343
251346
251221
251332
251330
251297
251304
251293
251296
251212
251198
293659
251197
251193
251178
251157
251028
208080
251120
250729
251085
250917
250954
250951
250946
250935
250835
250844
250824
250810
250802
250732
106666
250788
250770
250722
250719
250714
250697
250563
250562
57609
75579
250559
250535
250509
250491
47805
250476
250273
250419
250411
250401
250395
250393
250383
250378
250351
250348
250346
250339
68309
250328
204528
250285
92694
250278
250274
250245
250232
250231
250227
173320
250228
230270
22061
250188
250184
250133
70274
57403
250074
250045
250043
250012
250010
249997
249989
249986
249970
249961
249932
164041
249892
249917
249876
249827
106974
249825
76442
249717
207909
249616
249670
249630
249210
249620
249053
48839
249045
249576
249565
249555
249507
249505
249497
159092
76205
296967
249478
249475
249468
249446
249358
249433
249430
249411
249340
249398
249397
65180
249356
26392
249336
76632
249321
249175
249216
249288
274977
268601
74079
264840
264028
263520
263789
260242
215070
249265
107776
249211
133537
249222
155619
249058
249202
249171
249162
18171
248634
248819
249057
249052
248663
248989
248982
54987
294049
103963
57404
248951
248947
248435
44956
248906
70939
248912
248903
248891
248883
248878
24611
248857
248842
248822
248757
248735
3256
248729
248688
248725
248675
76234
248673
247759
87695
106233
57885
247730
247233
248501
247145
237952
248462
52047
247749
248446
248397
247659
248365
248328
247474
248259
248167
248229
125724
248219
248212
248211
247239
247040
247170
248151
64419
248144
248138
248135
248110
248104
76563
246096
247992
247989
72762
298789
49115
247966
106918
247961
246674
247935
247915
247850
247848
247822
247821
246648
246551
207538
247776
246499
247745
247709
247697
239131
106853
247692
247666
246374
57339
82598
246422
247514
246381
247502
247498
247340
52980
204097
247423
247475
247467
247303
247444
247391
282468
289053
57980
58113
106977
67065
76126
247317
246178
247235
247210
247186
247182
247176
247079
247075
245193
247016
246983
246975
106992
280206
231177
246961
246941
245707
246917
245701
246806
216702
245563
140098
246776
246760
215831
246729
67590
98499
206814
246666
246246
58075
246541
246522
246516
246486
246353
122628
245281
246362
87886
246321
15564
245384
246267
246258
106394
246255
246229
246189
246175
246166
298774
246128
246111
150298
245952
245905
245810
245780
245773
245766
217052
245626
52201
245610
192763
22883
245135
284560
106405
289055
245088
244738
244670
244705
244690
244686
242087
244680
241622
244629
244612
244600
244597
244569
244538
244522
244523
106999
244511
244262
85398
201813
244308
45575
47783
15850
244374
244269
58173
244222
243998
37769
244173
243383
244137
58200
102287
244125
244115
244072
243943
243753
243989
298707
242717
242440
243913
242010
106513
243695
202987
184435
299831
57703
243682
242255
88056
248384
242400
242554
242525
243377
88152
106497
75760
7143
33155
243234
206278
242253
243345
243335
243333
242197
240933
243275
240645
243241
243211
242899
243183
241792
243175
243161
240391
243150
243130
241169
241711
243120
243094
243080
243026
243002
242906
238471
242875
242872
242865
242848
58138
45484
58257
54510
76796
58222
58497
58465
58108
88351
70159
241136
242831
111233
46422
25198
58499
52236
240497
242746
241016
242623
242613
242602
242594
236351
242576
242572
289769
242555
242549
242545
50088
289398
240748
242519
240354
242511
240573
240344
242437
242401
292039
53526
242344
242337
242288
242272
174184
242252
257446
242251
242244
240173
239915
4209
91627
58563
242160
240062
240025
279150
106529
242139
242137
242107
242099
242022
242020
242019
184588
242005
241954
237795
241905
87956
241855
241833
26331
252014
241807
241759
241749
239497
58774
241715
239404
166539
241713
241698
241637
88384
241539
241392
241505
241485
106522
45465
156194
241447
239113
241423
241391
239322
60146
241375
241342
241315
241295
241285
241274
241244
177022
241234
392
129348
241227
241031
241082
241068
88145
228778
222895
228765
228174
51014
209330
84534
228751
223459
228738
228736
228723
220559
228717
228715
218903
228705
223577
228703
228700
228698
76030
228653
228649
224428
228645
240633
240600
240584
240558
240541
238315
46043
44523
44968
53783
2488
5678
55233
240482
240467
75083
240463
240460
240454
240442
99121
43066
58988
107105
240397
240393
240374
58928
240349
237726
238041
240309
240281
240265
76449
107157
240226
240191
240246
240153
107166
237655
240139
289063
240040
237807
240009
107158
239914
225536
239764
237512
1793
239735
239714
237461
239695
239670
239639
88849
81233
58790
237341
239515
232182
239502
239492
239489
239463
237312
239196
239120
238987
238981
238952
107766
238774
202763
43075
238529
238490
236116
58702
238432
237029
238424
238377
236797
238288
238257
238251
238235
231550
171800
59166
238209
190548
43390
58698
86714
86937
59119
238086
238085
91063
88970
238000
237943
237903
236641
294630
248751
114856
225246
45871
3496
237806
237767
224321
114917
237717
237626
237621
289402
237581
236389
219525
107052
62557
58691
237232
107273
88796
237157
236601
237150
237145
237129
227513
237053
237003
82024
236556
236691
236682
236676
236666
24928
202642
236604
236578
236568
235826
45174
61397
236480
236380
235940
236349
90091
59251
51308
41326
59134
107316
107363
236280
78841
236152
236123
235740
90223
101038
107788
86553
59587
107802
291145
235382
235389
235370
235231
235359
235258
24533
107396
297168
235199
235185
235174
71964
235133
235101
235098
37227
235090
235043
90243
235065
234974
234965
234938
234946
234896
234830
87717
59564
86729
107877
175913
232906
280131
234584
220097
34195
234507
58709
40636
70021
173
233392
299840
63892
113816
232939
234406
234060
234380
191738
234217
59658
82027
89361
105965
234209
234192
135577
234170
234165
233742
234108
1806
37909
25935
233402
234105
47707
234087
234070
234057
47047
233989
233987
233985
53539
233980
233960
233941
233939
233917
233891
233834
233822
233803
233771
232865
233717
233716
233688
99216
233675
233648
233647
233631
233610
233597
233590
228589
233584
233573
233388
233320
233287
233204
59955
58164
17957
233190
48439
86413
157626
107559
24818
233117
215875
233064
233058
233045
233020
232987
232684
192349
71382
232982
232929
232776
232853
232708
232701
49388
59904
4738
59963
289382
232697
232380
232367
14571
230415
288299
228635
228627
219690
299464
280210
295538
30992
232175
226942
232168
232166
232163
107580
232157
232159
52977
232158
231337
232125
88336
232124
232119
232115
232105
232100
220612
232076
231575
231782
232044
232034
232031
232028
232021
107626
44718
232019
107635
213591
232004
231951
231992
231988
224922
231956
26424
58258
231952
231920
231905
231889
231878
231187
117145
231846
231554
231800
220063
207276
7130
220285
228648
230815
231122
36256
231657
231637
231592
231586
231573
89600
231571
231572
229282
231549
64328
231541
225770
231467
211560
37908
107640
231426
18402
231423
231412
231408
231396
231379
231334
231322
231328
231300
3520
226706
227594
231302
231286
231295
223560
231249
231246
59976
231200
231196
212654
285948
59327
231129
231086
107668
188712
225540
231025
231022
231015
230992
220530
230969
230944
230943
101606
230937
222366
230901
230884
230869
230864
230858
230852
230797
223234
219871
223661
187978
107854
229250
228533
230686
230661
230610
220954
230514
230495
230484
230472
229719
230438
230400
131734
56057
230376
230354
230361
225416
230346
230336
230333
230314
230298
230288
230289
230282
229264
230283
230280
230264
230275
230248
230245
204221
230238
230230
230226
230217
230214
226550
225843
230201
230191
107126
230175
107624
230165
230163
230158
230155
230149
287682
83266
230148
230145
230138
125437
230126
230107
230105
227657
230070
230064
230053
230052
227918
228161
229987
230012
230011
230007
230000
229977
229982
229975
229967
229965
229954
228604
229924
229915
229951
229911
229902
89809
184130
229889
229861
216665
107038
225236
229863
229845
228140
229848
229834
229819
229796
229779
107718
107791
218057
229130
229754
228914
228971
229736
229728
229721
87331
77269
222965
229711
229705
195988
229376
229547
227982
228284
107098
229670
226756
229658
229643
107013
229642
229631
228768
229617
227135
127434
229599
229594
229587
298803
228813
229329
229548
229546
228372
228820
227555
227742
229479
228582
228772
291996
291974
228637
52114
229015
229442
225312
227511
228912
228803
229395
229393
219682
229348
229335
184981
229325
229327
229281
77276
229306
26200
228678
226400
159056
229244
229227
229225
229217
211496
229206
220099
45586
225832
229181
89333
224161
223882
229129
220046
229122
229118
226983
90173
50789
225121
229104
229004
229076
221552
100774
225884
229041
229039
226326
226578
228924
120411
228974
228973
52853
228964
228965
225369
215532
225671
228903
107073
228889
224379
228870
224455
228837
228601
223297
19731
227889
228822
225432
228802
228702
210303
228788
228777
288635
203000
107995
105833
202906
200323
202841
202814
202759
45597
200231
199735
107978
202337
102617
199483
197036
199586
198579
201776
201931
201928
201908
90226
201724
199126
107991
201704
74288
201685
168071
90352
198238
201445
198657
198427
201127
200927
90292
200898
200864
200741
198347
200514
54917
197068
200381
200307
200306
110048
200107
197285
200073
269048
197544
52142
198862
199900
196841
174274
52303
199763
60021
198747
198974
198971
198933
40577
66645
198906
198839
198818
292069
223318
223155
223344
210072
90430
228544
126305
236554
220693
223773
228503
222630
154603
110305
49220
228478
222511
215568
228424
230841
223340
228435
228406
222555
228422
228418
223045
228057
223993
223122
223895
222736
107204
108048
58491
223476
220316
228327
220190
219549
228322
228296
228224
228275
219359
228260
221271
221311
219861
223141
218967
218725
228184
228187
228185
228176
215279
228085
228075
228055
221041
53140
227985
108085
220295
227979
227937
227896
227892
227898
227894
227891
221360
220292
219328
221283
220927
227817
227806
227790
221526
220496
108094
107421
218567
227706
227700
227694
60555
227689
55205
90620
227578
227575
220587
219827
108104
180953
227562
72138
227519
227522
227518
217819
219909
76243
108168
227453
220519
220444
48032
60892
227441
227429
227423
220324
227369
219832
227364
218184
217383
227350
69815
90427
219970
227270
217292
227222
227219
23394
219829
227182
212786
217907
227134
226613
219621
88350
227071
227103
223921
227087
219355
227057
227034
225060
227005
227001
218734
90710
219103
218896
218561
226912
226855
218630
218524
108172
226702
218279
217226
226721
226714
217115
226710
226700
226683
108173
212464
226599
226619
226615
217780
297040
213883
226588
226576
226567
226563
217217
226513
226485
226439
217793
226383
226378
226317
217703
226302
226293
226276
226247
61247
88413
226238
217148
226190
215552
226173
226162
226134
25640
67239
226130
226104
79332
226100
199342
217475
45125
200200
225429
225763
225735
87082
225718
225628
225560
225513
258000
229229
90395
59084
90888
225442
225397
225360
225341
225335
225333
290302
225231
225178
225162
225087
219889
61091
210650
224896
220560
224831
113411
113410
224623
224616
224607
72008
150579
90937
224545
224517
224059
224400
224082
60604
224365
224362
224359
224288
216527
224270
214968
214816
214924
212224
214825
214797
224260
224152
224142
222827
72156
224111
224060
215949
216152
214804
214743
22650
90146
216419
223991
223981
214729
212149
214704
223564
223915
223889
214657
214574
223870
50621
223850
176349
223821
223781
223772
214518
214505
223749
223716
223682
223686
185289
114549
223615
223556
211928
214410
214363
214297
214267
214237
223541
108246
223306
223448
223444
223368
215090
223183
223152
223134
223100
223022
215999
222960
214160
214053
211732
222942
222921
222787
222793
222742
222735
222641
122332
44770
222422
211021
213444
213931
222400
214495
2869
213884
213806
90489
222326
222311
222095
222048
222030
213758
176270
211520
213746
216032
213690
213628
213525
1574
221968
221966
221903
24488
215598
57402
87448
48828
91020
294811
221213
58402
215482
213483
213464
213430
213427
213389
221045
221018
220930
220910
112103
209494
220897
220872
220863
220862
220847
218292
209673
220823
220809
220808
196472
213124
213107
213096
213093
214477
220768
78686
3107
213055
215196
220719
220706
92038
68228
168259
76386
213005
212997
68700
220581
215030
165
214808
220556
210980
212906
57329
220529
220493
220486
212785
90143
83592
212765
297901
212749
37023
220456
220450
220430
141092
214864
212684
212680
220366
187924
122805
78926
212642
212637
220329
187940
220318
220315
212624
212561
220290
220236
220230
214554
220204
220192
220179
220170
213069
220059
220045
128620
214645
186403
212354
212342
212274
220000
154699
219931
293773
299730
219901
219896
219880
122188
212248
212231
212232
48888
219737
81641
60791
210411
178732
219781
108297
212579
219760
41751
212163
216393
211603
212144
219665
219662
219672
219666
50111
197740
212113
212098
219611
219623
212074
212070
212054
212040
187347
119485
211814
219528
219513
212000
219487
219456
219424
211963
210216
200375
219389
219326
214211
214037
219303
219291
219239
91245
219123
219039
206254
71507
208542
211489
211352
211252
214232
65621
214207
218829
213943
91334
218693
218691
215986
218660
206508
218575
213807
209116
63411
218416
218386
210197
218361
218346
211071
211060
674
188072
218319
218300
218288
218263
216405
218239
218249
52784
210907
210894
210765
218181
425
217046
218110
218082
218072
218018
117846
217892
209175
210725
210695
208208
217933
217915
217913
217912
59809
217906
217901
209107
212348
189785
217825
217791
210638
4572
210621
210400
210388
107807
217734
217725
112792
213600
173798
210345
217650
217626
158342
213045
217602
217580
217563
213407
210229
210188
208628
39299
217545
209989
217468
217463
217442
288985
199705
217433
212603
158755
217345
61727
213328
217319
217303
280911
146130
217297
217279
217263
213271
217189
217176
217171
217167
216122
39347
182848
209184
51027
91774
213084
216759
213237
85760
216944
203740
216914
216895
216894
216861
216831
216828
212365
298823
75778
216755
216748
216567
216714
213023
45613
216684
213146
171981
190912
216623
211373
216578
208992
208793
208557
208340
216577
212754
216521
216519
213110
216497
37561
212948
216486
212868
216411
216401
216390
108372
216379
216370
216357
216356
212204
216290
216264
216261
212730
216228
216217
212589
216184
216192
216164
216172
216135
211583
216101
216051
216037
47031
208342
206457
208213
208112
215926
215901
214401
215867
215791
215760
59592
211580
208192
206043
208151
208127
208132
58989
215724
212051
208077
206589
49255
215588
215412
215407
208032
206450
207194
205958
207966
207942
206068
97466
212052
211035
215366
215301
207920
207902
207896
206202
207871
207844
207831
204479
212237
107899
207805
212120
148513
207780
207774
207772
215238
215220
107902
206990
215193
90608
215188
215185
211061
66450
207734
207746
207719
207706
161546
207681
207661
215143
215095
207634
207628
176949
207542
207553
207533
215085
215080
215072
215064
212363
207423
207524
200444
207492
207478
207431
207410
207408
205990
207383
207382
207366
207354
207340
207332
205877
207311
207261
207200
105875
207245
207241
207240
205742
207217
207182
207183
51531
207157
207106
207088
130849
207042
206994
288183
129467
176119
84875
206977
205699
206969
206953
206949
206890
206863
206852
197573
206776
206837
206845
200794
206763
206754
206751
67904
206748
206741
77083
85927
198321
206722
206689
205550
206657
206647
205144
202949
206613
206608
206606
206579
206576
205517
206560
206559
206542
77536
206527
206529
204484
78667
206498
206495
67539
205426
206447
206134
206384
206240
206383
206372
198642
77618
99344
206274
206259
206256
206239
206234
206231
206187
204843
91641
206117
206135
206111
206091
206083
206076
206075
77798
206071
91768
206048
199670
206002
205987
185980
205975
205961
204854
205956
205906
204723
205897
205871
204489
205870
205808
205840
200632
205822
124932
205607
205790
205765
205760
203376
205746
205737
205721
184462
77601
91696
205710
205682
70620
182169
204520
193173
204317
205552
204449
129372
205540
204445
205498
205495
6714
129608
205475
78080
107946
205397
204259
205352
203167
299055
204291
205291
205269
299056
205258
205242
183546
199113
205180
203882
197265
201668
91890
69459
205074
204951
204893
204876
204831
204811
204812
203695
204773
203484
204752
204722
202124
204711
203047
204622
204613
66669
204609
204130
204534
204580
202762
204504
204493
92009
204490
203173
204448
202804
204395
204390
202744
204195
78096
204290
125410
199218
202603
204277
204265
204238
107956
204244
204192
204174
202663
202286
203981
203956
203945
203930
1771
203911
201847
107962
198869
203865
44732
203845
203775
203802
200861
184677
201410
201087
203665
199568
203735
203712
203711
203684
203593
203592
203566
203561
46286
199646
203550
196978
192298
203469
201367
201288
203400
107958
77285
203398
203371
203366
203083
159170
90964
191675
187988
191674
189843
191638
191428
189391
189303
186568
191545
118207
191527
191514
189224
191505
2687
191465
191444
189269
191362
188881
188393
191358
191355
191331
187764
191314
188526
191309
191302
187335
189859
191248
191237
191220
191196
186715
191160
54714
191109
191064
92102
187784
190448
298733
188292
187368
190922
190991
188245
190943
190930
187365
190898
190881
187948
79115
187227
190788
186830
78438
89415
170878
92204
292073
186400
186600
187128
186163
190239
190237
177189
78373
92070
190088
190084
185918
190023
190022
189973
189936
189893
186085
189826
189814
51157
189746
189745
18207
189732
186070
189725
188390
189658
189594
185932
32773
185913
170603
55455
189074
189040
184177
188833
188782
187887
78517
188754
114977
43640
125329
78402
185126
188534
173094
188494
4352
188397
188332
188312
175525
188302
78912
187993
187791
187517
187503
187491
187436
187435
185149
187411
185130
187402
187196
76340
73802
77073
187194
187178
187137
55965
115319
187011
106350
185563
186583
186970
73146
186918
61349
186832
62102
186807
186116
186441
186397
186387
184840
186057
185828
185808
68160
290101
78466
292093
178755
31309
185268
184886
184556
185174
57938
77786
185141
185032
92296
183316
184992
184985
184983
184251
98354
83375
92256
184976
184485
184966
184939
183238
182747
183198
183160
126266
184933
184932
184930
183054
183016
106411
184915
68047
182981
182976
145157
182736
182924
182953
184492
184888
184881
184885
184874
85816
184857
184494
184823
93346
184816
182817
181267
182811
182777
182671
182496
182154
182212
182640
184803
184554
184795
184660
184475
184667
59422
184484
184775
184653
184752
184764
184757
184756
184742
184731
184737
184735
83313
182597
184726
76772
90705
184721
184710
184427
182420
182348
184704
184702
184696
184690
184685
184675
184662
184617
184663
182315
182314
182281
216937
299796
184661
184658
184648
184655
184654
184461
204325
184573
184650
56905
33097
223771
83385
184643
184636
51051
182167
182157
184633
67402
184626
48619
135544
66412
184609
182135
184638
184619
46176
184615
182098
184613
184612
184604
184318
184599
184596
184597
182050
182036
182013
181981
184587
184584
184583
181977
181895
181877
184580
184576
184325
184570
184558
184544
184536
182960
184529
184518
184528
184514
184510
79464
181847
181755
181827
181825
184504
184432
184449
184490
133889
184478
108624
67834
48751
184463
228555
188406
184337
184293
184436
184448
184434
184444
184372
184443
37600
184440
184426
51739
184425
181468
181414
181411
181392
124983
184423
184403
184420
184421
184414
184386
184385
181364
181303
184387
184344
184407
184405
181295
181086
181074
184359
184365
77423
184388
79900
184355
184394
184363
184379
178697
181012
184346
184369
184345
184347
184356
184331
184332
180945
179318
180799
180720
180320
180312
184313
184327
30560
184328
184316
184315
184308
184298
184302
184296
184297
77185
184206
184194
184159
65627
184149
184135
184110
184037
31387
112066
92303
183981
136318
183926
180309
180273
180268
180261
183915
183894
108582
183881
180225
183876
183858
175841
180174
180171
183827
183389
183502
183628
183672
180161
180145
180131
112574
116084
183579
183574
80100
183537
183449
183440
183428
217065
180042
179885
179990
171545
66230
78397
179755
179757
179726
179725
178093
120271
179695
179687
179671
179661
179651
260314
140256
140243
179462
179396
179378
179360
140244
140205
140179
140142
140040
177561
137459
136958
137453
119700
179104
179149
179139
117671
179145
179124
139994
58451
139967
291963
139899
290281
287730
139891
139881
139868
105199
137476
139801
179086
179085
2763
179045
176359
45072
138050
137986
43887
179021
178875
232382
139779
139749
297179
178874
178670
178742
178395
178415
178720
18701
177876
178170
49943
178675
178665
43570
178109
177987
177958
178505
75127
92388
177993
178424
178352
167651
76267
177496
177330
178330
177796
54681
178297
177751
178162
74183
177382
177608
178205
177556
127116
178152
177377
178112
139648
57841
139627
139606
139603
178050
178045
80943
177146
177047
177964
68006
177938
142446
177924
297622
139595
139575
92632
137954
137813
177902
177898
93228
177896
177889
177887
177862
177856
177827
177647
176708
103078
297178
80227
29770
60472
174962
176584
107934
176023
177702
175655
176660
298840
176962
177695
177633
176031
177599
177551
174213
50983
79725
176498
177508
177490
173717
80335
176463
176361
177357
176323
177313
177204
174035
175825
175015
280931
177127
175991
175873
177071
177065
175517
175801
9985
175911
176990
176988
175407
176928
175344
175533
173715
176882
175377
175460
175560
175199
176857
175269
176846
175198
167829
176833
176809
175501
117300
176797
174908
175382
33758
176764
175449
176761
174121
176754
176749
175251
176736
176506
174561
176731
175429
173574
176711
175008
176490
175013
176457
176451
49737
174970
139546
139541
139523
81515
174368
176401
176384
25087
174598
176346
174591
176311
80552
176296
176294
174986
174119
176257
174541
176247
174619
176231
176225
174894
64530
174623
174742
175491
97881
137707
137549
174655
176170
174815
176153
161205
176142
176143
174737
173598
176129
174559
175530
93376
176106
174490
176096
174838
174438
173809
173872
176074
174555
176070
174502
174440
24725
175934
175932
176018
175979
175987
175714
173919
175790
139380
289079
175791
174476
120116
175773
72263
175767
174003
175758
175754
139448
139502
174563
174267
175375
175364
175358
81112
175355
174037
175313
139475
79956
173806
175300
175255
175250
175188
175182
175159
175163
174180
175039
174225
174856
132365
139324
174797
174758
86786
173865
135515
174710
174656
174473
174454
95311
31186
51348
298845
173726
174319
173633
174282
174252
173649
173627
173365
174191
174192
174179
173579
174082
76897
174128
174100
174096
174092
106687
36043
174049
76724
173517
174021
173464
150193
134378
173913
173457
173846
173844
173836
69205
173818
173443
170218
173812
4529
636
173764
173424
173748
3299
173742
89999
173685
173426
173421
173698
173412
173615
173687
173684
173404
173670
6849
173671
73900
69074
173564
173561
71784
173451
86565
173380
173453
173368
173433
173432
173413
173357
173408
173393
170701
173344
173331
173327
86540
173310
98110
173298
81368
74100
155445
173238
173208
173200
173190
173187
49130
82835
173150
173143
173137
173127
173079
173043
173010
172997
172990
173025
172967
172982
172881
160345
172971
172791
172861
172770
172694
172608
79430
172569
172535
172529
172520
172500
172498
172485
172464
172463
172449
172448
172004
170117
172401
172372
172365
171692
65846
108689
172310
172298
172288
168927
172257
172239
172230
172228
172225
168312
116020
172142
112773
163970
121337
61770
171996
171956
171934
171893
171873
171739
171716
171702
171695
171690
171658
171647
171620
171594
171589
171572
171437
139247
79920
289082
157408
169850
169857
298847
139206
139172
168965
168882
168424
168348
168341
168258
139114
139105
168247
168245
168207
151831
168160
168133
168094
168073
168016
167999
22323
167976
167954
167891
167766
167744
167743
47460
167701
167700
167640
167639
167637
165660
167586
167580
167549
167516
167508
100712
167488
167417
167415
167400
158980
167290
167271
71931
167248
147961
167212
167174
167149
164642
32320
167026
167016
96933
166948
159342
108682
166889
2612
166820
166730
155719
48641
166577
115907
166346
139059
138988
138950
165923
165898
165869
165838
165829
165746
165742
165687
165678
165662
142158
165583
165474
165490
165473
165466
165431
162402
165091
165059
120004
164995
164991
80458
164853
164825
164805
164787
164738
164705
164691
164687
164677
164663
164662
92726
164658
102127
164607
164570
164574
164537
164521
164496
164459
164456
164427
164296
292089
164286
163563
164214
140051
85972
138841
138933
138927
138926
138897
138890
138802
76266
164153
164134
164129
164127
164117
60905
138733
138660
163678
164072
164071
163913
163879
163838
46249
163753
163722
163683
163681
163667
133861
163643
40403
163636
163634
163617
163568
163521
138653
138638
138582
138571
50795
138509
133845
163381
59653
163186
81422
162622
162625
49258
138459
162198
81879
81622
162004
138445
138422
161591
161278
161434
161359
161358
94794
161257
138413
138396
138371
160564
160949
146278
161202
161144
161126
161115
161095
161066
161056
161055
121
71766
160962
127675
160932
160922
160916
160914
160894
160879
160880
160785
160857
160842
150317
160126
160817
160788
141662
160739
160717
32799
138351
138350
138080
83772
160661
160505
158869
160638
8511
160470
146110
79478
160387
160324
160283
100463
160196
159238
160134
160125
154808
160032
2737
159959
159870
159864
159802
40207
159731
159686
159651
159641
50951
159536
159627
159625
159603
153194
159516
159453
159452
116369
159382
159275
158754
159133
159130
159118
159113
159110
159095
159080
159078
159067
156219
158977
88323
42678
158969
158943
158920
158768
128941
158733
158665
158643
158578
158553
158546
70816
158526
158525
158493
158479
158453
158440
158436
158403
158397
158377
60585
158352
158348
158316
60874
158287
158239
158219
132648
158173
133535
101245
73326
144237
158019
157972
50158
157635
157600
157503
157463
105839
157441
157453
157422
157358
157340
157292
157277
157179
156976
154173
54416
155550
156131
135142
140731
92763
87050
155288
155322
155256
155095
154769
154633
154620
154611
154609
154584
24770
154518
64494
154506
154459
154458
89925
146576
154374
154362
154320
154303
154279
154270
132421
154258
154255
154254
65188
154224
154214
154200
154198
154189
154187
65803
154156
154148
154134
154131
154125
154102
154048
154045
154042
154028
153999
154007
153578
153501
153495
153485
107571
153377
103561
154087
153301
57374
153233
153222
153100
153059
88770
19536
152911
152833
152798
142074
152753
152722
152474
7762
152458
152277
145805
151461
151334
151041
150478
150458
150407
150222
150188
150174
150127
150109
150116
150075
149994
149139
149956
32970
149827
149814
149793
149788
55988
149011
148957
144816
43081
148809
148808
148377
148737
148736
36721
133954
145200
24461
148589
148584
12264
68069
148372
148341
148272
148241
148238
148212
148209
148197
148154
148082
67237
147924
46565
147884
147882
147774
147751
147743
147703
147677
147605
147585
147551
147537
147533
147440
139257
147325
137719
121200
74851
147200
147156
147136
91661
147003
146999
146954
146947
146922
146916
146907
146906
146892
146883
146877
146814
146763
144387
146694
146645
146533
146513
146510
134766
146483
108482
146482
146476
146475
146459
2108
146162
146178
145673
30928
916
78436
145335
145262
145178
145173
145162
145166
145149
131049
145123
145100
145095
145094
145032
143514
145056
43134
144947
144994
74159
42018
120344
144684
109912
96324
144648
144639
145021
138062
106387
138099
138085
65675
138068
144561
121602
143680
144072
143804
54064
119512
143862
143761
135404
137527
137483
137469
142146
143483
6786
143153
143130
94931
100586
140954
70097
142972
83234
51546
88635
40001
45411
2797
198061
197874
197805
196294
81880
197773
197172
197571
51018
94567
195724
197276
50304
93055
197250
197126
197127
82346
197063
196149
196931
196907
196854
196828
196074
196790
196772
196750
196749
196701
196612
196601
196005
108336
196510
196451
196497
64319
196419
196387
196377
195555
196300
196297
196295
22870
20034
196252
196170
23859
196134
196112
89685
66847
195205
195868
193502
195784
195719
195755
187018
195652
195571
116509
195573
195499
72925
298851
92981
195432
195466
195449
195442
195340
195367
195265
188439
195231
195214
118811
108714
83490
195209
195194
117591
195136
195061
195047
192617
194870
194822
92997
29323
194593
194229
46620
26681
93012
141556
141549
141539
194193
55868
71708
93018
194188
194162
59938
194131
194129
194046
194035
83608
194029
194024
193957
193892
49934
44156
193332
193922
184132
56311
193878
193866
193855
193808
193717
193815
193787
193786
106459
188661
193264
192388
193684
193611
193601
192047
141518
141516
58227
141082
140374
140366
140347
140367
140354
140345
140346
140334
103877
140299
139845
140270
140268
193562
102640
193259
191345
186704
108529
193532
193531
13565
193508
193187
264502
193191
5151
193501
193481
193072
193112
187563
157603
193248
187274
192140
153466
93048
190118
192189
193088
193081
189481
191143
193056
193036
108540
192919
192987
61371
191070
188786
192798
191434
192646
191270
191244
184827
188388
192473
187166
192415
188058
192386
192346
187160
192296
189698
190483
192148
188169
192014
78348
191987
190215
191943
44945
84423
190222
185557
191866
191865
41080
191854
190186
191791
188665
191819
191781
188914
93122
178201
191728
191603
191690
189212
191680
190944
108820
101143
298861
296833
114280
83776
299010
108807
108743
93357
103135
69954
108749
45275
93359
3149
1008
93451
56126
108793
276800
69952
292097
18748
132209
109910
60480
93093
229031
76568
84087
291186
108858
6434
280904
211292
211822
60452
109607
75806
199802
284014
130324
108870
81429
108883
108872
62150
108919
81115
109003
108937
98786
299858
59397
108952
299473
93601
126351
93560
93584
137440
137379
137370
137349
116768
137314
137267
130484
137236
137189
55870
137050
137075
137027
136996
136977
134914
136943
40631
136855
136854
136825
136820
136803
136799
136765
117609
136310
136749
131869
121397
55360
93671
136683
135463
136637
136568
136516
136503
108975
116279
134041
136483
136469
136425
133184
63511
136293
136264
132845
136228
136227
51247
136137
136083
136074
136084
136082
123875
66126
136032
135997
115452
135957
135893
135880
135814
112909
135776
135772
135766
123086
116216
135706
135703
135647
135646
66459
48287
135581
135574
121109
135561
135550
135527
135528
135513
48737
123496
135482
135461
135412
77524
135390
118729
135236
123829
53947
135173
135134
135076
135083
135010
32685
36511
134966
134738
100978
134782
134764
134767
134746
80220
134633
134602
132620
42895
134497
134465
134407
72237
134388
134350
111810
134306
134247
125908
59515
134215
128284
134144
85153
79176
129539
134100
133922
134015
134070
134032
83548
133897
133847
133841
133833
133820
69937
133788
133762
133765
133757
133709
133693
133673
24192
133658
133651
132146
133631
133625
3054
111678
105948
90119
133539
133460
133481
18772
133354
133418
133344
133259
69560
133238
64483
117821
133143
133045
133010
133006
132942
33285
120675
132843
132820
132800
132774
78224
89833
49722
132697
132681
132633
114371
26715
132579
132514
61187
84125
132469
101186
132457
54314
132434
130165
132403
132258
98326
132356
132344
51747
132316
132286
25120
132237
46292
129429
132098
132174
132086
132164
83108
132138
132055
132035
132032
84625
71878
131881
131856
100886
108778
48760
131826
131796
131753
131752
131680
131748
131713
131575
131686
125155
131630
130746
131601
131580
131555
131522
131503
131484
131454
131419
131380
131202
130743
131015
130896
130682
130926
130764
130711
130713
130697
130685
130687
69635
130671
130668
130655
130630
130597
130546
48493
130557
108006
130454
130378
130329
128637
130141
130134
75255
130103
130057
106148
19830
129993
45660
129958
122459
129936
128507
129910
129905
129892
129891
129884
129850
48862
129831
129826
129817
129789
129783
129739
129717
129689
129685
129671
129678
129675
129659
129652
129642
129613
129602
110080
48502
129563
129555
129549
116919
96276
129509
128807
129499
129489
129484
129479
65612
128612
124532
129451
129450
129449
129409
129402
64804
129358
129331
129319
129301
129297
129275
129282
129265
34285
129262
23338
129108
89604
72954
129090
129073
129075
129069
128954
129014
128965
116586
128795
98757
124048
125683
53519
114395
128347
128549
128533
128498
128485
128415
128399
128395
128360
128236
128216
90269
76783
128155
128120
128121
87588
128085
128084
50060
128037
128033
128032
128004
18404
127999
127990
31398
109347
40597
127930
126276
127911
127909
126331
33836
127882
127871
127861
127810
127775
127781
127780
127758
127746
125503
127727
127728
127700
127646
71604
116037
127505
290551
127503
127500
78107
69818
76691
127415
127409
105665
127396
88453
127309
45525
47858
84969
124508
127191
116367
127072
24504
127168
127066
127060
288959
127005
77749
112974
126792
126745
126746
110643
126662
126669
126700
126634
126632
32718
126460
126445
126429
126428
84744
120434
126395
117892
54588
126196
114688
126252
116969
116843
78087
7397
82799
79534
64524
109818
114509
96223
113442
52565
107134
113044
107268
1460
25466
80392
112391
112217
111405
111194
111162
83660
110695
109795
102329
94079
79986
108708
105382
108662
108287
108228
108215
108179
108203
108191
108113
108073
62502
93258
85236
56962
109699
72056
72300
93981
109203
184498
164784
6776
62409
63423
106866
64057
37948
100982
226272
296828
68318
179780
60231
94397
147580
109280
94336
97206
273299
109870
94521
61341
73378
177461
56475
66370
204542
298350
184540
53454
68123
107855
60029
290996
258456
77308
109372
224649
109256
109156
288821
289584
283065
289088
94261
57136
109824
94699
90643
101358
295223
186769
109816
69956
109414
109868
196693
177046
290569
234147
184668
109437
72052
94687
94716
97850
95167
94974
85380
75937
87220
94732
46126
95243
95170
112880
158654
95176
127770
236112
95213
94748
95347
216743
50408
95432
130749
109520
138386
194221
95179
71501
95742
37103
95631
296850
68524
76131
148145
95803
95826
289093
95284
95780
95846
85393
76472
96185
111003
51654
73812
95886
110145
110055
110011
292128
91169
110064
58907
96165
95682
96220
76282
83018
68974
281787
290630
290003
75947
229368
96286
53547
83003
110206
298354
77074
110135
171611
76884
52567
75514
96739
110084
65270
35962
22855
34997
110276
110146
110187
240468
110218
110172
77014
296560
89497
73598
44812
70273
166622
151063
30127
298353
110977
56820
78973
55624
46615
110357
110313
44126
16071
63927
110398
260239
208978
136865
135753
184312
176322
175308
290125
53672
290696
289099
298116
110285
110496
47897
91390
82951
82688
26933
110537
110656
298356
32487
157903
97272
110039
80894
205678
97328
78863
62900
67703
81385
43119
76029
290460
97604
71302
283
286628
286608
158861
83884
288626
288269
281777
78213
96386
77240
97377
86169
110608
73445
298333
110732
207657
47928
96216
294169
110848
59996
161308
288342
110637
138392
110624
110710
97835
72221
75164
28768
73877
110706
97910
110739
225501
37883
80157
89858
98792
133797
180435
22299
110937
31593
26763
88067
110894
98204
91405
80421
110864
61411
110902
110915
6038
110918
46476
88287
136960
111079
81954
225852
296876
112239
82339
111149
112022
111237
111139
110004
98733
280135
95675
82566
212389
187236
106843
102065
107666
112035
279843
111172
92576
160190
67581
288648
101551
112039
78206
91068
18841
176206
112014
287733
42591
77024
264802
139086
112045
98547
191616
157580
99393
32248
132026
95439
281791
41140
72693
73253
286031
299888
77952
96418
65241
99464
98600
91491
184552
298278
76851
17956
111221
89826
87294
45512
111312
112059
99651
111306
8334
111514
112201
52192
60094
293028
97032
55586
112268
111433
99842
112213
111421
99781
111426
111437
99802
223591
111594
178250
84358
99878
299079
31906
298881
25447
297454
63657
296859
112228
110925
111528
146122
257335
251168
135299
231719
228876
223711
188816
189034
78857
58622
109615
297274
99925
99479
112131
99885
99950
181705
99106
111495
100842
54403
100085
100197
100148
111521
130690
111539
73313
99872
299484
100108
295634
100369
46367
100373
93300
7007
41568
111570
111615
53813
100423
186611
3526
3064
86245
111583
100606
104905
71858
90537
24493
17501
100528
100715
94973
111638
23377
214376
36214
112163
112114
112225
99936
33065
100525
111666
280008
298331
82937
111715
261208
63968
99718
83020
82291
100850
111716
133923
101015
100980
45918
88804
298830
47876
85495
88984
167491
51636
100942
101008
48084
111759
111776
101088
90866
63760
197717
50395
215617
298348
188925
191891
205657
268459
265279
256243
184905
229390
229111
184876
192854
129811
56581
112198
86663
23889
99874
101134
112232
74732
101297
88288
112332
271550
100511
93226
111837
86287
111856
111855
101440
49669
111860
20867
3307
22401
60188
111864
111888
111990
99485
101548
111753
80519
94111
59802
64612
45702
72220
42043
43142
37638
36780
44847
56330
47374
44765
53921
43124
28477
36190
50401
31561
48264
32730
31252
46183
23459
45516
45019
44601
44939
51238
111902
112311
298361
291592
289851
112291
97445
101632
101663
101586
101623
101487
101645
101809
25317
165871
111995
112287
101808
101792
101782
25051
184380
229717
285039
91758
101900
197078
134077
109832
90065
111099
288345
70226
102085
102296
102250
102236
102169
80232
85357
15445
102134
102103
92023
102074
101913
99458
51869
6887
84521
101764
30792
102190
101589
95041
94282
297211
62906
101247
54836
28911
102203
54388
67641
102182
112532
87597
112350
102277
42273
94734
112344
100143
99808
99367
109805
132261
82097
97941
99065
195698
97994
18709
86501
93897
79473
711
96988
71255
112053
24123
96074
102347
66908
95330
95254
95056
67348
94994
72888
94906
94666
94564
94447
81228
93926
67089
93623
93534
93083
64061
92843
92834
15168
68708
92667
92615
75696
112440
248858
92103
92083
91788
91104
91338
90761
90544
88588
90901
65660
90512
87553
90312
86783
52930
90024
50643
89329
70446
85517
45433
73407
86249
82727
69533
63533
49143
50015
73344
87883
82135
48231
68516
86724
49630
59934
83402
79407
61141
69836
59761
60558
62084
51295
78055
83976
82401
81375
77915
212998
97577
81403
67472
65399
73852
82335
80065
81734
46262
81603
81135
50746
80883
50580
69099
59111
73240
78084
53394
73498
77981
112475
49352
103314
25060
46852
254143
112594
100532
102471
298893
23349
100596
47656
51231
77426
75787
183840
45978
293059
102528
102562
75416
68884
73597
37480
78880
237231
101940
63722
15788
74744
112347
86079
102580
112537
70034
297165
50289
112548
102772
45194
64668
112609
271464
102838
75328
75824
73451
72444
50940
74849
73181
288646
112595
102862
61923
49509
64265
74123
159308
69366
50847
25423
73702
112707
89961
73398
49969
50614
72923
24480
102985
74149
112733
102973
102976
48298
73578
55065
68907
56787
70590
69660
71105
45124
74394
291209
280218
295625
265670
184550
163638
154113
77045
298907
27596
250107
112744
287790
112752
112771
69272
112814
23698
112848
46106
43828
55664
71211
85501
40086
267987
130008
160275
175166
87991
296884
24541
63535
59879
112945
41659
66107
65644
50986
24075
112327
112976
102068
48314
22900
73681
65617
113038
62768
66065
47429
66655
113122
113024
68535
66047
65656
113051
44403
113027
64506
113128
49537
84486
113160
24991
62387
49613
89462
288361
289135
113115
113313
62173
55849
61921
61571
61509
60766
60975
59808
59413
58123
113256
113202
76910
58829
113216
113259
113295
113205
42008
113309
45013
113352
46175
103291
113301
113315
113234
59952
66874
59790
108575
89020
113357
113364
205782
104305
54452
31604
113403
90325
113444
24850
113586
83975
83309
90261
22491
113518
113609
113550
107197
241918
292160
113535
103343
113539
231242
89735
113680
274587
113126
113735
82123
113706
174359
245574
227323
225421
191646
132257
112515
297837
113682
297791
297592
267556
76080
179411
213894
45474
113737
113747
113801
113938
298050
113824
296888
111330
64620
109731
44593
57090
98554
183085
291204
177923
114043
113942
114012
113997
272714
88293
114073
296869
8252
65089
90677
107001
114228
13119
106779
106684
552
298661
67199
80445
106302
106166
38162
105984
26819
179150
106029
106007
105938
67552
114156
87927
58321
98943
88461
110076
104046
103954
103953
103386
103341
288362
114248
103320
103271
103211
103123
103111
114244
102814
89241
102763
102693
102679
70272
102651
102594
102454
102415
102358
102322
67937
114302
114300
111818
114343
117572
293068
76927
114411
94125
96011
44382
54163
25667
88275
114492
114627
63690
114601
192935
114598
109763
287792
95463
114656
104972
65515
25998
113178
114695
114728
114703
299524
114774
114764
114803
5950
114877
102187
114777
114974
114878
92572
233805
294263
114896
33901
109153
95859
114964
109974
115178
296911
115044
31352
115132
115143
115081
170251
115362
43889
115268
81691
115439
115373
280307
115501
114968
230941
115465
76683
36363
87482
185887
148245
36355
203730
298095
53066
101769
81361
96777
112305
287803
116206
72396
78834
45679
232010
116563
44148
83785
116723
282878
108186
110824
294104
116393
292778
176
294272
23794
280891
195920
290715
117001
66407
117137
285154
104282
279288
280043
50733
295688
263791
112282
289791
41039
165795
146856
39462
113843
35488
125835
293062
106382
76288
288807
106718
64516
99646
62725
47166
58122
68488
212193
128016
212671
97969
143454
113495
107778
83378
44622
290511
289876
293472
264229
220634
297894
99370
3491
297466
7282
248289
284444
107059
285226
50139
23904
40446
3476
284438
89380
113556
23843
24842
295726
289857
280989
60278
73404
281837
221681
24616
295999
289103
90817
91350
93498
286106
299946
189891
59194
59584
59188
59080
58910
58792
55903
54320
31276
56701
57121
2136
56522
45585
56710
56016
56164
55910
55889
55160
55683
55512
55628
55261
55439
54846
54995
54875
54641
52794
54580
54162
54394
54347
54337
54349
53617
46424
53674
53829
53773
53731
50657
53613
53345
53088
52636
23330
51151
52261
51937
50742
50325
51649
49236
49182
49538
46749
46815
46208
46285
45656
45661
45571
45479
45224
45140
45119
44846
44842
44758
44685
44595
44570
44558
44552
44546
44465
44438
44435
44421
44377
44350
44219
44114
43953
43875
43859
43745
43498
43496
92785
43474
43443
43421
43387
43322
43316
43305
43287
43273
43153
43120
43109
43104
43091
43062
43053
43046
43033
43032
42975
42965
42810
42785
42753
42652
42250
42214
42169
42092
42071
42046
39479
42035
42034
2510
41990
41946
41869
41824
41699
41678
26928
41434
41344
41317
41280
41116
41076
41073
41049
40993
40854
40851
40811
40750
40742
40713
40687
40653
40645
40557
40540
40496
40475
40442
40347
40315
40229
40170
40139
40094
40012
39955
21331
39844
67459
39795
39748
39738
39735
39685
39575
39556
39546
36778
39534
39528
39522
39508
39499
39457
39443
39430
279511
39428
39336
39310
39274
39237
39216
39208
39092
39068
39055
39020
38905
38805
38751
16189
38638
38599
38594
38587
38574
38461
38423
38038
37970
37949
37897
37875
36582
37791
37786
37776
37746
37731
37729
37676
37659
37633
37625
37617
37610
37608
37605
37603
37601
37595
37594
25435
37587
37569
37564
37461
37412
37405
37238
37212
37086
37032
37028
37004
36968
36958
36853
36694
36661
36647
36530
5431
36479
36426
4534
36399
36320
36314
36304
36297
36293
36275
36202
36180
36174
32044
18007
35854
35818
35514
35484
35403
35259
34788
34643
34626
11998
34552
34418
34409
34405
34380
34363
34283
33924
33390
33334
33201
33190
33187
33149
33134
33131
33102
33095
33088
33076
33073
33039
33001
32972
285211
32854
32754
32738
32739
32721
32468
32202
32168
32133
32039
31961
31907
31841
31754
31723
31599
31582
31493
31438
31342
31246
138
31191
31129
22801
31050
30901
30875
30868
30853
30820
30475
30462
30336
30256
30129
30098
29905
29790
28586
29586
29497
29355
24811
4297
28904
28777
28274
27837
27651
27619
27648
27644
27604
27589
27562
27499
27406
27392
27383
27340
27302
27267
27157
27214
27180
27161
26893
26874
26871
26865
26864
26809
26797
26754
26633
26604
26599
26561
26553
26516
26496
26407
26354
26344
26343
26337
26328
26206
26202
26093
25911
25907
25886
25680
22965
25496
25484
25475
25336
25472
25432
25424
25410
25398
25372
25359
25306
25268
25269
25251
25223
25191
25189
25183
25112
25104
25020
24896
24894
24359
24867
24824
24822
24808
24757
24755
24503
24708
24689
24687
24680
24658
24644
24636
24632
24629
24631
24606
24598
24597
24591
24475
24577
24589
24584
24586
24566
24572
24552
24551
24495
24525
24501
24508
24513
24511
24457
24478
24463
24441
24447
24426
24427
24423
24413
24367
24402
24395
24387
24380
24337
24280
24237
24231
24202
24152
24126
24106
24001
23974
4243
23932
23921
23919
23908
23861
23845
23720
23713
23635
23578
23532
23522
23517
23416
23412
23395
23369
23311
23295
23267
23181
23168
23118
23087
23048
22982
22959
22948
22942
22913
22880
22760
22734
22713
22694
22649
22505
22503
22459
22354
22261
22209
22095
22020
22011
21214
21148
21013
20797
20796
20721
20717
20678
20661
20633
20527
20522
20509
20240
20215
19995
19953
19940
19907
19819
19750
19734
19689
19618
19606
19551
19455
19403
19177
19104
19096
19074
19071
19001
18965
18964
18917
18818
18887
18881
18833
18828
18808
18788
18779
18742
18704
18654
18628
18608
18597
18561
18559
18549
18542
18532
18520
18506
18505
18502
18491
18436
18363
18327
18308
18292
18251
18250
18235
18226
18220
18197
18194
18158
18155
18129
18123
18091
18071
18057
18030
18013
17913
17904
11893
17737
17494
17385
17234
17141
17133
17097
17055
17035
16009
16852
16797
16780
16740
16623
16612
16593
16007
16519
16518
16426
16404
16375
16268
16248
16178
16161
16122
16117
16063
16019
16010
15992
15968
15959
15895
15872
15862
15827
15737
15680
15658
15655
15540
15473
15350
15300
15275
15274
15174
15172
15093
14976
14973
14957
14900
14879
14869
14751
14834
14826
14802
14766
14670
14630
14504
14488
14385
14346
14328
14292
14280
14236
1835
14057
14001
13941
13693
13598
13494
13487
13320
13199
13176
13167
13150
13077
12926
12828
159374
12800
12793
12782
12772
12453
12447
12301
12134
12095
11964
11969
11937
11805
11383
11336
11290
11256
11194
11186
11175
11152
11156
10958
10865
10736
10473
10436
10424
9519
9887
9890
9860
9840
9649
9820
9782
9531
9414
9354
9349
9164
9107
9103
9095
9035
9004
8950
8872
8804
8656
8653
8649
8644
8579
8555
8476
8364
8169
8347
8343
6102
8305
8292
8289
8230
8065
8017
7999
7926
7896
7815
7808
7764
7746
7744
7702
7696
7694
7688
7640
7625
7575
7531
7490
7456
7455
7373
7341
7252
7207
7158
7155
7149
7128
7106
7104
7093
7070
7064
6981
6937
6926
63
6834
130476
6808
6731
6712
6664
6640
6624
6585
4837
6573
6568
6544
6531
6514
6496
6472
6443
6418
6392
6217
6186
6173
6079
6063
5990
5977
5956
5861
5682
5675
5656
5641
5607
5593
2260
5163
5424
5417
5337
5329
5293
5263
5236
5233
5212
5191
5183
5094
4987
4986
4916
4849
4826
4758
4703
4575
4564
4470
4314
4303
4260
4259
4231
4168
4167
4141
4135
4126
4102
4062
4004
3971
3767
3712
3646
3626
3595
3587
3584
3567
3536
3481
3464
3420
3419
3403
3402
3398
3384
2985
3278
3277
3252
3245
3240
3230
3227
3225
3221
3203
3187
3172
3104
3095
3091
3068
3047
3045
3013
3004
2971
2947
2944
2938
2908
2891
2864
2852
2838
2833
2827
2819
2773
2770
2766
2735
2746
2742
2728
2686
2721
2667
2632
2549
2544
2517
2511
2479
2468
2456
2452
2445
2443
1727
2418
2374
2344
2248
2012
1891
1883
1821
1796
1762
1740
1465
1451
1397
1291
1167
1152
1109
905
878
871
856
845
784
668
749
634
588
584
565
556
543
482
480
472
470
431
430
429
415
394
383
352
344
314
309
269
265
259
238
224
222
206
199
195
193
181
154
148
57042
135
124
123
109
105
104
82
76
60
59
30
18
21
15
280962
289873
193840
264893
172716
246664
247327
231029
203928
241852
294859
43856
18560
272496
73427
51559
75039
218315
305
250470
106956
78683
41160
57973
288382
291234
288383
289167
297518
187525
91828
113463
167211
227729
291233
26531
298149
291235
186126
102209
287823
47425
112297
46496
55576
47993
36053
96411
174568
132118
76482
107240
95602
136485
42330
293202
45310
295740
139265
131399
167537
112824
229667
280429
298141
188335
133122
52931
109475
23903
28306
285227
79317
280972
299550
6931
296941
88077
105368
219952
74451
110786
294704
89240
293298
115041
107384
39053
108272
172030
44950
145490
36856
105778
244203
299956
291513
159875
291547
18047
59114
13117
30507
132739
290612
128458
43748
206884
299114
111090
40602
289182
214038
206197
227557
174507
293255
2851
102753
87410
212034
132802
298081
31215
94963
295042
157839
298164
26899
72153
79490
296259
81224
24694
100824
211260
20205
285259
278303
273777
268053
61798
147395
134173
287833
40848
32384
54869
77265
283999
215860
114443
93585
104557
87928
112018
296147
137391
205223
262992
92683
186586
114779
297254
703
298180
280508
289094
289184
289164
177879
293335
41028
257049
281890
48
280273
279654
25391
61203
284994
25221
186094
40719
43028
291702
293963
288191
298931
133701
40606
67176
40609
59611
298298
296278
2892
38365
298209
292219
78198
164145
249778
172422
299536
217581
176751
122097
257517
288676
115001
280423
63214
114558
53296
287763
214938
264916
112564
211986
81992
166410
280425
46227
218983
203012
174230
291634
299116
210738
299078
198840
289905
45602
43041
44264
58987
289907
58328
251670
64022
279525
84298
101857
298185
298169
21865
225654
178472
42510
299526
91499
236404
137536
6828
282557
188327
112922
290221
23159
54833
289386
240695
37636
211535
253107
39672
112796
735
42645
279539
24548
36927
284032
284033
289199
280410
68167
285240
129446
2463
289315
280558
91736
98022
289911
191709
296776
157468
33036
289175
298213
210348
284066
27816
288973
284070
56538
76552
281348
2699
176656
104470
30613
33070
113146
284072
27015
52759
215858
145107
227665
77110
195778
299592
62222
105278
91358
289885
296993
115560
291649
45461
44367
45808
101643
199243
209501
216542
280433
80399
33577
298419
296986
262665
299
112889
80215
289411
298237
96467
284053
217726
178237
294790
137234
174300
176541
267768
275482
273916
269055
271583
269157
268821
268912
24207
268290
268598
298423
268230
25242
265894
265629
287791
265342
262118
261515
177858
32969
260825
253086
285315
219755
65173
267217
112970
298676
42129
28977
280174
265146
275455
269426
259149
50875
206215
299127
298801
298048
26319
3196
111259
275477
299609
289927
3990
110416
40175
157193
299133
187460
53268
287708
291641
66960
77143
288678
46044
176421
113773
92268
285320
298244
69274
24301
69778
299110
218508
253700
231503
285321
225463
157528
253301
164861
298409
299059
291087
80644
191153
232136
177829
298948
281026
205491
127307
289150
45085
294331
56702
298416
288363
79655
275661
50987
79170
48717
288415
295766
97118
299987
24294
63623
127902
2665
28241
51730
298254
298253
42379
298255
83392
52335
194284
299997
279416
48086
14905
110105
39904
70208
256124
299675
299990
284099
297286
298426
285364
109219
136986
290802
48446
143670
294916
99512
127843
112571
292236
491
186549
218709
29022
48442
41084
23505
43720
173390
289940
298060
25673
36042
88080
294919
148155
83677
112597
280499
210910
57551
184778
77996
227133
51415
2531
299994
264627
37005
290263
29870
74601
163131
288434
192626
77348
43511
290023
290990
184810
42024
83741
264522
296298
264892
92794
4256
167035
289225
44145
1195
188684
32717
22906
291644
93514
297251
299996
31635
53218
262078
8439
1682
45841
45898
5661
50423
292242
37435
61447
66186
147022
113644
290813
56142
184429
289957
113491
31321
48381
212496
289951
37643
300004
27259
280547
280552
290277
95349
63194
288700
117028
271480
88316
299905
121355
24576
97668
279246
109472
216841
274154
134337
132493
288416
48025
211243
288681
196094
271948
52667
34148
100152
281933
298433
41619
91525
280525
71170
240747
71436
26211
292750
291659
289928
285377
73140
203819
23162
108099
51242
87096
211666
221131
289941
24930
30636
281940
289962
279466
280197
288704
48226
139937
185207
281874
45100
201739
77807
4609
62217
47398
204887
137858
146696
218004
136571
180323
134978
226512
39170
46586
285385
59686
101042
61249
180775
265952
291172
147988
2978
281061
59495
91838
218368
280588
36259
174671
280590
23641
103629
299705
220782
288715
177443
289981
299696
59986
297014
53704
284087
32843
245917
35223
46147
275203
188238
184281
288911
98100
17379
178027
106324
137931
3017
45253
31447
95457
299708
297193
26466
122458
274624
288426
72622
290289
289984
68306
193758
106290
291240
291190
291171
291096
142399
112296
296309
40781
48591
289246
3243
289976
75754
52006
299701
15848
113414
185760
289244
93661
279884
71986
2533
280624
193965
148943
185238
252370
183021
290206
220848
37473
296671
68740
22416
230365
219178
49813
47627
19648
132245
296886
193387
73449
297043
45371
45327
115222
24583
298450
70958
288884
291151
279444
184458
298997
289124
273510
86430
289879
266805
127608
243012
231885
229682
201373
297062
104382
35623
36039
295022
46883
46847
35599
287580
295816
294389
73199
261011
91346
295692
212674
285973
3472
292265
291279
90123
291676
34849
298357
25337
282584
42204
46453
299721
295838
37708
81036
189762
5033
59964
297045
272558
247923
216029
65668
83244
198353
299991
205702
288555
197530
191085
186182
212097
40538
48911
184381
184397
230132
240897
288719
3218
297053
298455
285166
292254
293476
155907
106922
29004
27004
33747
102095
139681
293455
42662
44004
135504
2780
217266
287887
30244
285261
285049
253362
14355
99034
13851
280774
285991
282891
283332
293462
89573
288417
298460
213325
280633
279904
291683
284436
284006
206236
85438
285395
289269
280634
42434
285410
292830
290000
9182
43038
215912
295043
300044
295468
97123
290774
295481
289773
288714
78998
112619
285426
291566
257187
105279
83198
287796
64174
295853
72000
40216
112189
300035
290007
33048
87481
284166
268900
45209
55775
299739
279910
43089
136576
289524
251050
213260
184377
285004
288432
49599
282730
290300
31152
109946
286412
40342
194489
13719
10749
107838
73295
247476
32802
22467
43158
30835
106109
100147
292982
289137
290027
295844
103645
33135
42029
196345
220827
151922
295655
295785
284200
298309
67301
83110
214163
298463
184368
98199
39297
70444
281959
288304
288743
3429
71412
42082
65720
186994
37915
45358
214535
295068
32506
61955
284201
102725
80436
25867
179690
282862
290718
26301
90679
293485
37231
206163
288443
291687
56186
131828
295873
281973
110036
143054
47893
43571
285438
173441
176673
68216
281141
25010
279269
289285
290770
18349
286111
228641
199496
217496
215093
85209
82456
91463
99427
289639
281857
185107
299461
96077
287912
184507
282233
207263
66161
64665
123072
47713
3173
299188
288447
288436
289956
295595
78093
107542
280932
284208
292357
40896
29010
75949
262954
44443
81315
260220
290034
264326
86022
16005
22836
285455
112375
60873
36201
99207
113262
291690
104651
114806
287923
205371
60322
287926
139406
288466
27851
39257
184489
280689
28611
280684
610
291691
291372
299203
35955
97285
280694
280695
290739
92168
92753
12650
93577
40633
67816
39535
285474
296261
95720
155877
37663
289547
94875
26334
98539
167852
176627
50001
20788
18473
64643
58135
18170
88559
56619
43408
35138
280745
299192
290050
26385
46661
59602
51662
2438
102505
112858
290055
9775
296347
112898
112572
65004
288441
280271
285504
83333
44028
100640
285506
2439
96879
49062
47260
47838
293517
82682
280722
279845
56793
300065
98779
217422
54928
42134
17804
542
104634
31153
291696
173901
60108
294876
24883
267388
37768
299108
24630
295917
290045
42321
49922
289491
52711
284222
42921
281190
6093
17109
41641
37866
84082
43082
280743
32220
44281
27191
43274
22393
5951
85142
44329
91224
6308
70411
45116
285985
290112
35131
280778
103096
100751
25136
45252
242454
23938
279662
48904
27348
279876
287955
20261
111046
6711
115896
110635
206947
290887
279433
45372
279894
175984
169424
255812
265994
135457
267113
280753
290504
288413
293120
64015
87918
55225
77175
77883
26786
45342
23006
92439
290074
244565
280763
285034
290069
43986
293534
54988
56413
36168
285503
32200
3228
25691
284988
43669
46252
48669
295932
94965
101188
49555
293492
45940
881
31301
299226
155458
186451
40040
188991
83980
299234
299233
244093
299212
26140
58549
76739
179332
46967
232680
182402
96734
45511
18631
299225
285539
83082
294879
20223
279595
38848
291367
290905
100892
22352
290094
287960
279761
285557
176305
62334
155486
265767
144019
298279
290911
42424
279184
33202
227450
56125
297199
201491
94950
299273
18863
293569
93905
213307
285564
40365
43955
49770
286254
23339
85599
295111
41677
288489
37592
15184
37141
39670
23844
78725
81537
279495
22973
290922
277166
184187
268429
291390
104128
95277
28240
27384
80455
51325
42413
290210
52505
101322
299271
288488
283055
69852
55826
39899
289536
197179
66356
106067
289319
290845
71197
284893
63982
207750
39180
38564
102060
105920
280851
59427
285064
299303
1952
102059
295949
47631
290931
73631
24693
289321
288777
33568
23531
291630
23286
295953
286401
287982
291725
103321
77211
293578
279517
113335
22678
291717
91476
31441
290310
291239
279769
294489
206193
37352
205155
32885
285602
7097
19728
42680
178279
21491
41667
56662
25158
290925
299282
18134
96302
45289
289577
288774
52423
29114
26498
187724
279548
32453
95515
90036
92426
6176
114910
2671
283130
105421
112256
289592
55086
203870
40058
291270
299308
144693
2302
283132
90969
44964
165581
2998
50431
44426
290963
288972
112342
112289
290380
52932
89279
172723
107876
278950
21817
38640
105023
285625
45999
295135
290946
167817
291254
57038
3468
31313
285628
79530
40632
55443
74619
279529
279542
285631
287921
285607
32741
291425
299327
18835
281213
294515
279254
46727
295950
279544
290944
290955
113321
281216
121362
281218
295140
9152
17114
71481
279545
216794
42055
24601
70400
57777
101907
47137
292612
288788
24470
299366
64523
40258
91115
114760
3366
41343
281239
34871
299331
285668
60723
43283
296437
246498
108391
25101
37034
275663
290449
208235
199427
281271
42172
288786
289572
18381
288005
288530
281247
279562
30393
263663
279567
41906
81785
44877
26034
285674
291004
46861
75545
57283
291736
66018
299362
110375
22914
295698
291768
113655
279585
231415
37437
37873
74846
290847
108030
294569
279598
291753
19909
15722
58519
279959
295989
292590
30203
291006
17166
24471
299354
287996
33238
81968
290324
2702
158734
286424
291437
290999
178483
293619
234053
32768
288001
89000
84545
62128
295519
288531
46315
2244
114042
83428
90695
92211
42487
66795
291446
135485
55901
36555
294398
55807
299367
62830
23422
74999
55906
279677
31139
24662
286467
293048
44522
111511
46311
56271
100859
283229
113461
55127
45865
290496
299375
18424
299376
1652
48043
180413
26193
299377
285784
43090
291449
285732
99616
61752
290497
55013
26000
289641
292725
38459
24522
46216
64735
85658
27810
296439
6446
63624
46240
29816
43432
289645
292731
43056
296028
31434
38649
41406
292738
163693
91986
295236
44644
290456
86134
67800
15729
287588
288814
285725
288015
89334
31206
288816
288017
33235
97901
285787
33448
33050
19103
111118
281709
84597
31890
284890
288049
281294
279647
77237
69910
75863
280723
285751
286681
215223
31633
54272
104933
52151
33405
40088
52252
87065
215151
285796
43560
45225
291776
294008
293671
40429
43709
18344
290483
100016
27426
290484
29031
291777
90851
73383
291273
287570
72353
196947
2709
22015
153638
63236
292668
112884
98201
91534
84112
279661
52802
106501
296492
32985
44411
80803
37930
126020
114542
47404
47655
46666
38226
285819
29821
114678
30964
3615
4092
49387
63362
99952
78712
217619
191049
46143
21098
286478
44959
45298
286483
32705
68093
95067
55805
18773
289704
34550
279717
173191
288551
9506
294450
290598
37279
91708
289723
289722
33200
288055
46093
289365
112835
279065
71555
25302
26923
280522
288673
279722
64913
34959
62799
50776
39834
279725
288058
65584
3489
286488
74254
295264
168669
40779
288839
51317
287597
290517
279786
279751
279746
281784
280513
291302
75227
58106
67209
14318
285830
190062
288062
64326
35378
288557
282745
197749
280268
287604
293695
40345
51890
287602
250124
4989
288074
281810
289223
26287
24874
23328
296498
279802
279805
85026
279713
46178
190531
24801
29048
40964
279814
279830
60330
36369
19860
21059
279715
29783
83166
295248
83423
279801
52116
19439
289742
52730
42175
80586
79980
81073
288845
39349
279860
291417
279864
291700
62230
78807
289733
20033
33165
25745
281522
296516
288848
281512
18190
291470
24468
288835
40570
164848
288841
35274
65291
288139
40614
82044
294274
288804
279906
42014
42145
50665
40815
287614
288106
279901
284301
287616
279909
83302
2117
51618
49024
129938
5620
291476
51844
110963
50698
113350
42960
24515
290536
59569
246560
279917
116491
279929
12716
42483
72499
289709
288152
52127
288568
77778
84376
105424
286503
25339
99477
96925
288798
108900
279969
279968
279965
279973
81184
279975
104129
23289
287635
102910
286517
286526
23547
289699
8382
288162
267
90926
59149
293782
63372
288165
284964
46733
42087
288863
48823
106024
119415
104327
90061
28857
293804
286530
281429
40942
2747
71447
284867
288170
285748
32471
289688
22530
104519
25166
46867
194889
69022
207788
281328
281454
288905
67090
69891
285273
285293
228484
288877
111907
295254
291490
44769
279732
47386
282789
281464
51624
14306
47563
20650
289430
293827
20252
295269
289739
57210
209508
291503
76592
22898
281488
248699
12734
281494
62553
6794
61529
290596
291809
113189
288918
100521
289278
71544
297417
291510
288923
60744
201326
75475
295274
94572
18300
291854
45896
297357
216951
28914
185901
94946
279919
291857
291811
288936
82087
184383
36774
32762
204592
284396
34132
25160
297463
2907
84084
291869
91516
288945
288887
291756
291848
147901
37006
113319
184509
61802
233282
104893
98284
142065
165449
115473
50145
107984
53856
31716
229179
21581
3259
70935
24041
215333
179179
99841
174150
200466
29369
155373
173518
32796
54505
1889
197190
223406
185590
106688
295283
218341
2477
36203
136781
133624
33790
28839
172331
297426
85637
120335
49184
117744
24517
102132
64187
77577
30804
6963
285162
40600
112747
289277
31078
168026
44054
291826
3624
296378
27322
154652
51053
64203
146923
23870
130822
176318
291785
186158
46808
125532
40574
63071
291313
186278
67728
23907
106769
55653
109509
51353
86018
189486
25110
45067
110705
90747
45726
156589
82997
116643
110445
75875
291847
51757
5569
55681
66533
141865
117827
56639
297473
83254
185627
92462
152643
61279
86041
175242
86708
185004
31343
210713
296559
175045
44416
183230
47738
297381
296569
14202
152257
102093
75700
200530
24803
132785
201243
121563
130340
223531
297392
189509
297387
32848
177290
170699
213183
43800
285742
180915
296581
45872
24568
292653
198361
75211
124315
21926
297428
193432
116766
48064
296597
46075
87917
86804
214582
297314
226770
161794
297326
274934
186617
75319
204423
220748
35109
297398
185634
24550
297457
273564
193277
209602
65325
296605
198149
176695
297458
39040
184329
22986
82337
298506
106026
23187
124054
296608
90439
296609
105250
102818
28772
296617
296612
2925
74638
72028
199721
167230
296625
226705
296628
296627
49713
213699
297490
188584
298509
110002
113244
41731
89675
120868
296644
247825
193931
44252
146921
29486
297249
30417
184285
179202
46377
33987
296659
197387
143343
71096
249882
208914
74686
190665
83288
7234
197864
19153
108198
153019
140099
211230
180236
297554
126808
41441
49881
205656
72025
166354
40541
170282
137421
297811
166169
298330
173827
166590
298542
140221
177779
136703
77893
181004
93950
118061
40052
48450
3127
239619
177976
174826
231957
189602
118450
217056
77665
139524
25666
298557
298570
206146
250545
298574
193533
223109
110690
184409
178764
179080
199219
204810
40658
40642
215262
124355
298047
207010
160139
216439
218243
168638
42157
267636
167385
59787
298567
196926
152137
298610
252182
205030
285581
225096
161030
68865
85367
298627
194888
186263
117745
13